0 Untitled Model
0 Name:  Apple Tree Final
0 Author:  Danny Vendelbo
0 CustomBrick
0 STEP
1 2 -20.000000 -8.000000 40.000000 1.000000 0.000000 0.000000 0.000000 1.000000 0.000000 0.000000 0.000000 1.000000 41539.dat
1 70 -20.000000 -152.000000 40.000000 1.000000 0.000000 0.000000 0.000000 1.000000 0.000000 0.000000 0.000000 1.000000 92947.dat
1 70 -20.000000 -128.000000 40.000000 1.000000 0.000000 0.000000 0.000000 1.000000 0.000000 0.000000 0.000000 1.000000 92947.dat
1 70 -10.000000 -104.000000 50.000000 1.000000 0.000000 0.000000 0.000000 1.000000 0.000000 0.000000 0.000000 1.000000 30099.dat
1 70 -30.000000 -104.000000 50.000000 0.000000 0.000000 -1.000000 0.000000 1.000000 0.000000 1.000000 0.000000 0.000000 30099.dat
1 70 -10.000000 -104.000000 30.000000 0.000000 0.000000 1.000000 0.000000 1.000000 0.000000 -1.000000 0.000000 0.000000 30099.dat
1 70 -30.000000 -104.000000 30.000000 -1.000000 0.000000 0.000000 0.000000 1.000000 0.000000 0.000000 0.000000 -1.000000 30099.dat
1 70 -10.000000 -8.000000 -60.000000 1.000000 0.000000 0.000000 0.000000 1.000000 0.000000 0.000000 0.000000 1.000000 11477.dat
1 70 -120.000000 -8.000000 30.000000 0.000000 0.000000 1.000000 0.000000 1.000000 0.000000 -1.000000 0.000000 0.000000 11477.dat
1 70 -30.000000 -8.000000 140.000100 -1.000000 0.000000 0.000000 0.000000 1.000000 0.000000 0.000000 0.000000 -1.000000 11477.dat
1 70 80.000000 -8.000000 50.000000 0.000000 0.000000 -1.000000 0.000000 1.000000 0.000000 1.000000 0.000000 0.000000 11477.dat
1 70 -30.000100 -56.000000 30.000100 1.000000 0.000000 0.000000 0.000000 1.000000 0.000000 0.000000 0.000000 1.000000 3005.dat
1 70 -10.000000 -56.000000 30.000000 1.000000 0.000000 0.000000 0.000000 1.000000 0.000000 0.000000 0.000000 1.000000 3005.dat
1 70 -10.000000 -56.000000 50.000100 1.000000 0.000000 0.000000 0.000000 1.000000 0.000000 0.000000 0.000000 1.000000 3005.dat
1 70 -30.000000 -56.000000 50.000000 1.000000 0.000000 0.000000 0.000000 1.000000 0.000000 0.000000 0.000000 1.000000 3005.dat
1 70 -39.999900 -32.000000 29.999900 1.000000 0.000000 0.000000 0.000000 1.000000 0.000000 0.000000 0.000000 1.000000 3004.dat
1 70 0.000000 -32.000000 49.999900 1.000000 0.000000 0.000000 0.000000 1.000000 0.000000 0.000000 0.000000 1.000000 3004.dat
1 70 -10.000000 -32.000000 20.000000 0.000000 0.000000 1.000000 0.000000 1.000000 0.000000 -1.000000 0.000000 0.000000 3004.dat
1 70 -30.000000 -32.000000 60.000000 0.000000 0.000000 1.000000 0.000000 1.000000 0.000000 -1.000000 0.000000 0.000000 3004.dat
1 70 -20.000000 -176.000000 40.000000 1.000000 0.000000 0.000000 0.000000 1.000000 0.000000 0.000000 0.000000 1.000000 92947.dat
1 70 -20.000000 -200.000000 40.000100 1.000000 0.000000 0.000000 0.000000 1.000000 0.000000 0.000000 0.000000 1.000000 92947.dat
1 70 -19.999900 -224.000000 40.000000 1.000000 0.000000 0.000000 0.000000 1.000000 0.000000 0.000000 0.000000 1.000000 92947.dat
1 70 -20.000000 -248.000000 40.000000 1.000000 0.000000 0.000000 0.000000 1.000000 0.000000 0.000000 0.000000 1.000000 92947.dat
1 70 -20.000000 -272.000000 40.000000 1.000000 0.000000 0.000000 0.000000 1.000000 0.000000 0.000000 0.000000 1.000000 92947.dat
1 70 -9.999900 -368.000000 50.000000 1.000000 0.000000 0.000000 0.000000 1.000000 0.000000 0.000000 0.000000 1.000000 76768.dat
1 70 -29.999900 -368.000000 50.000000 0.000000 0.000000 -1.000000 0.000000 1.000000 0.000000 1.000000 0.000000 0.000000 76768.dat
1 70 -29.999900 -368.000000 30.000000 -1.000000 0.000000 0.000000 0.000000 1.000000 0.000000 0.000000 0.000000 -1.000000 76768.dat
1 70 -10.000000 -368.000000 30.000000 0.000000 0.000000 1.000000 0.000000 1.000000 0.000000 -1.000000 0.000000 0.000000 76768.dat
1 70 -19.999900 -344.000000 40.000000 1.000000 0.000000 0.000000 0.000000 1.000000 0.000000 0.000000 0.000000 1.000000 92947.dat
1 70 -29.999900 -440.000000 10.000000 0.000000 0.000000 -1.000000 0.000000 1.000000 0.000000 1.000000 0.000000 0.000000 76768.dat
1 70 -49.999900 -440.000000 50.000000 1.000000 0.000000 0.000000 0.000000 1.000000 0.000000 0.000000 0.000000 1.000000 76768.dat
1 70 -9.999900 -440.000000 70.000000 0.000000 0.000000 1.000000 0.000000 1.000000 0.000000 -1.000000 0.000000 0.000000 76768.dat
1 70 10.000000 -440.000000 30.000000 -1.000000 0.000000 0.000000 0.000000 1.000000 0.000000 0.000000 0.000000 -1.000000 76768.dat
0 STEP
1 2 33.320860 -350.010500 -86.191840 0.000000 -0.500001 -0.866026 -0.342024 0.813797 -0.469846 0.939691 0.296202 -0.171012 2417.dat
1 0 -29.999750 -367.999900 -39.999980 0.000000 0.000000 1.000001 -0.000001 1.000000 0.000000 -1.000000 0.000001 0.000000 4275a.dat
1 0 -29.999610 -357.498100 -99.558910 0.000000 0.000000 -1.000001 -0.342026 0.939691 0.000000 0.939691 0.342028 0.000000 4276a.dat
1 2 -29.999640 -311.924300 -159.264200 1.000001 0.000000 0.000000 0.000000 0.766043 -0.642791 0.000000 0.642791 0.766042 2417.dat
1 0 -19.999610 -353.400700 -87.425890 1.000001 0.000000 -0.000001 0.000000 0.939691 -0.342025 0.000000 0.342026 0.939691 4275a.dat
1 0 -39.999480 -346.559900 -106.219600 -1.000001 0.000000 0.000000 0.000000 0.939692 0.342024 0.000000 0.342025 -0.939691 4275a.dat
1 0 -94.041190 -325.525300 -98.563390 0.707107 0.707108 0.000000 -0.664463 0.664462 -0.342024 -0.241848 0.241848 0.939691 4276a.dat
1 0 37.981140 -338.801700 -82.112210 -0.866026 -0.500001 0.000000 -0.469846 0.813797 0.342024 -0.171012 0.296202 -0.939691 4276a.dat
1 0 -29.999070 -342.463000 -94.085990 0.000000 0.000000 1.000001 0.342024 0.939692 0.000000 -0.939691 0.342025 0.000000 4275a.dat
1 0 -29.999550 -312.223800 -146.461400 0.000000 0.000000 -1.000001 -0.642791 0.766042 0.000000 0.766042 0.642792 0.000000 4276a.dat
1 2 -106.769200 -324.196400 -98.079700 0.000000 0.707108 0.707107 0.342024 0.664462 -0.664463 -0.939692 0.241848 -0.241848 2417.dat
1 0 -29.999570 -365.015600 -102.295200 0.000000 0.000000 1.000001 0.342026 0.939690 0.000000 -0.939690 0.342027 0.000000 4275a.dat
1 0 -29.999410 -337.065000 -155.986500 0.000000 0.000000 -1.000001 -0.573585 0.819146 0.000000 0.819147 0.573585 0.000000 4276a.dat
1 2 -29.999700 -375.999900 -49.999980 1.000001 0.000000 0.000000 0.000000 1.000000 0.000001 0.000000 0.000001 1.000000 2417.dat
1 2 -29.999370 -349.354000 -152.383600 1.000001 0.000000 0.000000 0.000000 0.819146 -0.573584 0.000000 0.573584 0.819147 2417.dat
1 0 -88.384250 -320.209700 -96.628650 -0.707107 0.707107 0.000000 0.664463 0.664462 0.342024 0.241848 0.241848 -0.939691 4275a.dat
0 STEP
0 STEP
1 2 -73.320420 -350.010500 166.191800 0.000000 0.500000 0.866025 -0.342024 0.813796 -0.469846 -0.939691 -0.296202 0.171012 2417.dat
1 0 -9.999909 -367.999900 120.000000 0.000000 0.000000 -1.000000 0.000000 1.000000 0.000001 1.000000 0.000000 0.000000 4275a.dat
1 0 -10.000000 -357.498000 179.558800 0.000000 0.000001 1.000000 -0.342026 0.939691 -0.000001 -0.939691 -0.342028 0.000000 4276a.dat
1 2 -10.000020 -311.924300 239.264200 -1.000000 0.000001 0.000001 0.000001 0.766042 -0.642791 0.000000 -0.642792 -0.766042 2417.dat
1 0 -20.000000 -353.400800 167.425800 -1.000000 0.000001 0.000000 0.000001 0.939691 -0.342026 0.000000 -0.342027 -0.939691 4275a.dat
1 0 -0.000120 -346.559900 186.219500 1.000000 0.000001 0.000000 -0.000001 0.939692 0.342024 0.000000 -0.342025 0.939691 4275a.dat
1 0 52.347660 -323.622100 177.870700 -0.642788 -0.766044 0.000000 -0.719845 0.604022 -0.342024 0.262006 -0.219849 -0.939691 4276a.dat
1 0 -77.980670 -338.801600 162.112200 0.866025 0.500000 0.000000 -0.469847 0.813796 0.342024 0.171012 -0.296202 0.939691 4276a.dat
1 0 -10.000530 -342.463000 174.086000 0.000000 0.000001 -1.000000 0.342024 0.939692 0.000001 0.939691 -0.342025 0.000000 4275a.dat
1 0 -9.999990 -312.223800 226.461400 0.000000 0.000001 1.000000 -0.642791 0.766042 -0.000001 -0.766042 -0.642792 0.000000 4276a.dat
1 2 64.903940 -321.255900 177.009300 0.000000 -0.766044 -0.642788 0.342024 0.604022 -0.719845 0.939692 -0.219849 0.262006 2417.dat
1 0 -10.000040 -365.015600 182.295100 -0.000001 0.000001 -1.000000 0.342027 0.939691 0.000001 0.939691 -0.342028 -0.000001 4275a.dat
1 0 -10.000250 -357.595200 238.655000 0.000000 0.000000 1.000000 0.087147 0.996195 -0.000001 -0.996196 0.087147 0.000000 4276a.dat
1 2 -9.999849 -375.999900 130.000000 -1.000000 0.000000 0.000000 0.000001 1.000000 0.000000 0.000000 0.000000 -1.000000 2417.dat
1 2 -10.000070 -366.436300 247.919800 -0.999999 0.000000 0.000000 0.000000 0.996195 0.087147 0.000000 0.087147 -0.996196 2417.dat
1 0 -73.980670 -332.291200 159.742600 -0.866025 0.500001 0.000000 0.469847 0.813796 -0.342024 -0.171012 -0.296202 -0.939691 4275a.dat
1 0 46.219320 -318.790000 176.111900 0.642788 -0.766044 0.000000 0.719845 0.604022 0.342024 -0.262006 -0.219849 0.939691 4275a.dat
1 0 69.038260 -267.022600 157.269900 -0.087155 -0.996195 0.000000 -0.936116 0.081900 -0.342024 0.340723 -0.029809 -0.939691 4276a.dat
1 0 -107.109500 -287.830800 143.559900 0.173646 0.984808 0.000000 -0.925416 0.163173 0.342024 0.336829 -0.059391 0.939691 4276a.dat
1 2 -116.724400 -279.882000 140.666700 0.000000 0.984808 0.173646 -0.342024 0.163173 -0.925416 -0.939691 -0.059391 0.336829 2417.dat
1 2 77.879020 -258.316700 154.101200 -0.022558 -0.996195 -0.084187 0.088087 0.081900 -0.992741 0.995858 -0.029809 0.085904 2423.dat
0 STEP
0 STEP
1 2 -143.455700 -342.493300 -12.048310 0.939691 0.219849 -0.262006 -0.342024 0.604020 -0.719847 0.000000 0.766047 0.642786 2417.dat
1 0 -99.999980 -368.000000 49.999980 -1.000000 0.000001 0.000000 -0.000001 1.000001 0.000000 0.000000 0.000000 -1.000000 4275a.dat
1 0 -159.558800 -357.498100 49.999840 0.939691 0.342028 0.000000 -0.342026 0.939691 0.000000 0.000000 0.000001 1.000000 4276a.dat
1 2 -219.264200 -311.924300 49.999870 0.000000 0.642791 0.766042 0.000000 0.766043 -0.642792 -0.999999 0.000001 0.000001 2417.dat
1 0 -147.425800 -353.400800 39.999890 0.000000 0.342027 0.939691 0.000000 0.939692 -0.342025 -1.000000 0.000001 0.000000 4275a.dat
1 0 -166.219500 -346.560000 59.999760 0.000000 0.342025 -0.939691 0.000000 0.939692 0.342024 1.000000 0.000001 0.000000 4275a.dat
1 0 -159.304000 -327.560100 115.552200 -0.219849 0.262006 0.939691 -0.604023 0.719846 -0.342024 -0.766044 -0.642788 0.000000 4276a.dat
1 0 -139.077000 -330.462600 -12.347880 -0.262007 0.219849 -0.939691 -0.719848 0.604020 0.342024 0.642785 0.766047 0.000000 4276a.dat
1 0 -154.086000 -342.463100 49.999360 -0.939691 0.342025 0.000000 0.342024 0.939692 0.000000 0.000000 0.000001 -1.000000 4275a.dat
1 0 -206.461400 -312.223800 49.999760 0.766042 0.642792 0.000000 -0.642791 0.766042 0.000000 0.000000 0.000001 1.000000 4276a.dat
1 2 -159.201500 -327.278700 128.355000 -0.939692 0.262006 -0.219849 0.342024 0.719846 -0.604023 0.000000 -0.642788 -0.766044 2417.dat
1 0 -162.295100 -365.015700 49.999840 -0.939690 0.342028 0.000000 0.342027 0.939691 0.000000 -0.000001 0.000001 -1.000000 4275a.dat
1 0 -219.117700 -354.995900 49.999600 1.000000 0.000008 0.000000 -0.000008 1.000001 0.000000 0.000000 0.000000 1.000000 4276a.dat
1 2 -110.000000 -376.000100 49.999980 0.000000 0.000001 1.000000 0.000000 1.000001 0.000001 -1.000000 0.000000 0.000000 2417.dat
1 2 -229.117800 -362.995800 49.999750 0.000000 0.000008 1.000000 0.000000 1.000001 -0.000008 -0.999999 0.000000 0.000000 2417.dat
1 0 -137.318200 -325.630400 -6.219460 0.262007 0.219849 0.939691 0.719848 0.604020 -0.342024 -0.642785 0.766047 0.000000 4275a.dat
1 0 -157.208000 -321.801400 110.409900 0.219849 0.262006 -0.939691 0.604023 0.719846 0.342024 0.766044 -0.642788 0.000000 4275a.dat
1 0 -140.390500 -275.596300 144.839400 -0.321398 0.116979 0.939691 -0.883022 0.321393 -0.342024 -0.342020 -0.939693 0.000000 4276a.dat
1 0 -118.476000 -273.863100 -29.037550 -0.340723 0.029808 -0.939691 -0.936117 0.081895 0.342024 0.087151 0.996195 0.000000 4276a.dat
1 2 -115.307300 -265.157000 -37.878630 0.939691 0.029808 -0.340723 -0.342024 0.081894 -0.936116 0.000000 0.996195 0.087150 2417.dat
1 2 -138.112400 -269.337100 155.777300 -0.981225 0.116979 -0.153340 0.183493 0.321393 -0.928998 -0.059391 -0.939693 -0.336823 2423.dat
0 STEP
0 STEP
1 2 104.804900 -346.199600 93.034470 -0.939691 -0.262006 0.219849 -0.342024 0.719846 -0.604022 0.000000 -0.642789 -0.766045 2417.dat
1 0 60.000140 -367.999900 30.000020 1.000000 -0.000001 0.000000 -0.000001 1.000001 -0.000001 0.000000 0.000000 1.000001 4275a.dat
1 0 119.559000 -357.498100 30.000160 -0.939691 -0.342028 0.000000 -0.342026 0.939691 0.000001 0.000000 0.000000 -1.000001 4276a.dat
1 2 179.264300 -311.924300 30.000140 0.000000 -0.642792 -0.766042 -0.000001 0.766042 -0.642791 1.000001 0.000000 0.000000 2417.dat
1 0 107.426000 -353.400800 40.000120 0.000000 -0.342027 -0.939691 -0.000001 0.939691 -0.342026 1.000001 0.000000 0.000000 4275a.dat
1 0 126.219700 -346.559900 20.000230 0.000000 -0.342025 0.939691 0.000001 0.939692 0.342024 -1.000001 0.000000 0.000000 4275a.dat
1 0 120.906000 -331.961100 -37.980600 0.171013 -0.296202 -0.939691 -0.469847 0.813797 -0.342024 0.866026 0.500001 0.000000 4276a.dat
1 0 100.510400 -334.400600 95.552650 0.219849 -0.262006 0.939691 -0.604022 0.719846 0.342024 -0.766045 -0.642789 0.000000 4276a.dat
1 0 114.086100 -342.463000 30.000650 0.939691 -0.342025 0.000000 0.342024 0.939692 -0.000001 0.000000 0.000000 1.000001 4275a.dat
1 0 166.461600 -312.223800 30.000170 -0.766042 -0.642792 0.000000 -0.642791 0.766042 0.000001 0.000000 0.000000 -1.000001 4276a.dat
1 2 121.565500 -333.773000 -50.640880 0.939692 -0.296202 0.171013 0.342024 0.813797 -0.469847 0.000000 0.500001 0.866026 2417.dat
1 0 122.295300 -365.015600 30.000070 0.939691 -0.342028 0.000000 0.342027 0.939691 -0.000001 0.000001 0.000000 1.000001 4275a.dat
1 0 179.117900 -354.995700 30.000330 -1.000000 -0.000008 0.000000 -0.000008 1.000000 0.000001 0.000000 0.000000 -1.000001 4276a.dat
1 2 70.000130 -375.999900 30.000020 0.000000 -0.000001 -1.000000 -0.000001 1.000001 0.000001 1.000001 0.000000 0.000000 2417.dat
1 2 189.118000 -362.995700 30.000230 0.000000 -0.000008 -1.000000 -0.000001 1.000000 -0.000008 1.000000 0.000000 0.000000 2417.dat
1 0 98.414420 -328.641800 90.410350 -0.219849 -0.262006 -0.939691 0.604022 0.719846 -0.342024 0.766045 -0.642789 0.000000 4275a.dat
1 0 118.536400 -325.450800 -33.980460 -0.171013 -0.296202 0.939691 0.469847 0.813797 0.342024 -0.866026 0.500001 0.000000 4275a.dat
1 0 104.019300 -285.565600 -76.425360 0.296202 -0.171012 -0.939691 -0.813797 0.469845 -0.342024 0.500000 0.866026 0.000000 4276a.dat
1 0 80.903420 -280.532000 119.968600 0.336829 -0.059391 0.939691 -0.925416 0.163175 0.342024 -0.173646 -0.984809 0.000000 4276a.dat
1 2 102.425500 -281.186400 -88.353560 0.939692 -0.171012 0.296202 0.342024 0.469845 -0.813797 0.000000 0.866026 0.500000 2417.dat
1 2 78.010360 -272.583300 129.583500 -0.939691 -0.059391 0.336829 -0.342024 0.163175 -0.925416 0.000000 -0.984809 -0.173646 2417.dat
0 STEP
1 2 -40.000000 -8.000000 140.000000 1.000000 0.000000 0.000000 0.000000 1.000000 0.000000 0.000000 0.000000 1.000000 3832.dat
1 2 0.000000 -8.000000 -60.000000 1.000000 0.000000 0.000000 0.000000 1.000000 0.000000 0.000000 0.000000 1.000000 3832.dat
1 2 79.999900 -8.000000 60.000000 0.000000 0.000000 1.000000 0.000000 1.000000 0.000000 -1.000000 0.000000 0.000000 3832.dat
1 2 -120.000000 -8.000000 20.000000 0.000000 0.000000 1.000000 0.000000 1.000000 0.000000 -1.000000 0.000000 0.000000 3832.dat
1 70 -19.999900 -368.000000 40.000000 1.000000 0.000000 0.000000 0.000000 1.000000 0.000000 0.000000 0.000000 1.000000 92947.dat
1 70 -19.999900 -392.000000 40.000000 1.000000 0.000000 0.000000 0.000000 1.000000 0.000000 0.000000 0.000000 1.000000 92947.dat
1 70 -19.999900 -416.000000 40.000000 1.000000 0.000000 0.000000 0.000000 1.000000 0.000000 0.000000 0.000000 1.000000 92947.dat
1 70 -19.999900 -424.000000 40.000100 1.000000 0.000000 0.000000 0.000000 1.000000 0.000000 0.000000 0.000000 1.000000 6141.dat
1 2 -19.999900 -440.000000 40.000100 1.000000 0.000000 0.000000 0.000000 1.000000 0.000000 0.000000 0.000000 1.000000 3960.dat
1 2 -19.999900 -448.000000 40.000100 1.000000 0.000000 0.000000 0.000000 1.000000 0.000000 0.000000 0.000000 1.000000 2417.dat
1 4 220.084500 -267.228500 30.000100 0.766041 -0.642791 0.000000 0.642792 0.766041 0.000000 0.000000 0.000000 1.000000 6141.dat
1 4 140.296400 -326.759700 87.892110 0.939691 -0.262006 -0.219849 0.342024 0.719845 0.604022 0.000000 -0.642788 0.766044 6141.dat
1 4 58.775600 -302.742800 212.838200 0.642788 -0.766044 0.000000 0.719845 0.604022 0.342024 -0.262006 -0.219849 0.939691 6141.dat
1 4 123.268900 -351.978300 191.173900 0.939691 -0.262005 -0.219850 0.342024 0.719843 0.604025 0.000000 -0.642790 0.766042 6141.dat
1 4 -50.000000 -305.795900 234.121900 1.000000 0.000001 0.000001 -0.000001 0.766041 0.642792 0.000000 -0.642792 0.766041 6141.dat
1 4 -10.000000 -377.796200 234.121900 1.000000 0.000000 0.000001 -0.000001 0.766041 0.642791 0.000000 -0.642791 0.766042 6141.dat
1 4 -109.320400 -401.819200 201.409900 0.866026 0.500000 0.000000 -0.469845 0.813797 0.342024 0.171012 -0.296202 0.939691 6141.dat
1 4 -143.914500 -285.278600 169.175300 0.939691 0.262006 0.219849 -0.342024 0.719845 0.604022 0.000000 -0.642787 0.766045 6141.dat
1 4 -193.533400 -376.652200 107.109200 0.939691 0.171012 0.296201 -0.342024 0.469846 0.813796 0.000000 -0.866025 0.500001 6141.dat
1 4 -260.084300 -339.228700 9.999900 0.766041 0.642791 0.000000 -0.642791 0.766041 -0.000001 0.000000 0.000001 1.000000 6141.dat
1 4 -260.084500 -267.228400 49.999800 0.766041 0.642791 0.000000 -0.642791 0.766041 -0.000001 0.000000 0.000001 1.000000 6141.dat
1 4 -163.268700 -351.978300 -111.174000 0.939691 0.262005 -0.219850 -0.342024 0.719843 -0.604024 0.000000 0.642790 0.766042 6141.dat
1 4 -101.112200 -305.199700 -133.732700 0.707106 0.707108 0.000000 -0.664463 0.664461 -0.342024 -0.241848 0.241847 0.939691 6141.dat
1 4 -68.955700 -391.796700 -139.045800 0.939693 0.342020 0.000000 -0.321394 0.883021 -0.342024 -0.116979 0.321398 0.939691 6141.dat
1 4 10.000200 -452.740900 -224.675500 1.000000 0.000000 0.000000 0.000000 0.965928 0.258811 0.000000 -0.258811 0.965928 6141.dat
1 4 69.320590 -401.819100 -121.410000 0.866026 -0.500000 0.000000 0.469845 0.813797 -0.342024 0.171012 0.296202 0.939691 6141.dat
1 4 70.000100 -440.000200 29.999900 1.000000 0.000000 0.000000 0.000000 1.000000 0.000000 0.000000 0.000000 1.000000 6141.dat
1 4 -106.234600 -429.181200 -49.320500 0.939691 0.296202 -0.171012 -0.342024 0.813797 -0.469845 0.000000 0.500000 0.866026 6141.dat
1 4 -179.284500 -323.980200 -5.919900 0.939691 0.219849 -0.262006 -0.342024 0.604020 -0.719847 0.000000 0.766046 0.642786 6141.dat
1 4 -29.999600 -267.228500 -200.084400 1.000000 0.000000 0.000000 0.000000 0.766042 -0.642791 0.000000 0.642791 0.766042 6141.dat
1 4 63.469800 -291.108600 -81.425400 0.939691 -0.171012 0.296202 0.342024 0.469845 -0.813797 0.000000 0.866026 0.499999 6141.dat
1 4 156.783300 -313.581700 -46.640900 0.939691 -0.296202 0.171012 0.342024 0.813796 -0.469846 0.000000 0.500001 0.866025 6141.dat
1 2 70.000000 -400.000000 30.000300 0.000000 0.000000 1.000019 0.000000 1.000000 0.000000 -1.000018 0.000000 0.000000 2423.dat
1 2 70.000000 -424.000000 10.000000 0.000000 0.000000 1.000019 0.000000 1.000000 0.000000 -1.000018 0.000000 0.000000 2423.dat
1 2 69.999900 -448.000000 -9.999700 0.000000 0.000000 1.000000 0.000000 1.000000 0.000000 -1.000000 0.000000 0.000000 2423.dat
1 2 -9.999800 -400.000100 130.000000 1.000000 0.000000 0.000000 0.000000 1.000000 0.000000 0.000000 0.000000 1.000000 2423.dat
1 2 10.000100 -424.000000 129.999900 1.000000 0.000000 0.000000 0.000000 1.000000 -0.000001 0.000000 0.000000 1.000002 2423.dat
1 2 30.000100 -448.000000 129.999900 1.000000 0.000000 0.000000 0.000000 1.000000 -0.000001 0.000000 0.000000 1.000002 2423.dat
1 2 -109.999800 -400.000100 50.000000 0.000000 0.000000 -1.000001 0.000000 1.000000 0.000000 1.000001 0.000000 0.000000 2423.dat
1 2 -109.999800 -424.000000 70.000000 0.000000 0.000000 -1.000002 0.000000 1.000000 0.000000 1.000002 0.000000 0.000000 2423.dat
1 2 -109.999800 -447.999600 90.000100 0.000000 0.000000 -1.000000 0.000000 1.000000 0.000000 1.000000 0.000000 0.000000 2423.dat
1 2 -29.999900 -400.000100 -50.000100 -1.000000 0.000000 0.000000 0.000000 1.000000 0.000000 0.000000 0.000000 -1.000000 2423.dat
1 2 -49.999900 -424.000000 -50.000000 -1.000000 0.000000 0.000000 0.000000 1.000000 -0.000001 0.000000 0.000000 -1.000000 2423.dat
1 2 -70.000000 -448.000000 -50.000000 -1.000000 0.000000 0.000000 0.000000 1.000000 -0.000001 0.000000 0.000000 -1.000000 2423.dat
1 4 29.320800 -329.819200 -121.410000 0.866026 -0.500000 0.000000 0.469845 0.813797 -0.342024 0.171012 0.296202 0.939691 6141.dat
1 4 138.645000 -263.746900 -81.425600 0.939691 -0.171012 0.296202 0.342024 0.469845 -0.813797 0.000000 0.866026 0.499999 6141.dat
1 4 -217.136400 -329.417600 132.490200 0.000000 0.642791 0.766042 -0.342024 0.719843 -0.604024 -0.939691 -0.262005 0.219850 6141.dat
1 4 74.960700 -198.097100 148.708400 0.084186 -0.996195 -0.022558 0.992741 0.081899 0.088087 -0.085904 -0.029810 0.995857 6141.dat
1 4 220.084300 -339.228600 70.000100 0.766042 -0.642791 0.000000 0.642791 0.766042 0.000000 0.000000 0.000000 1.000000 6141.dat
1 4 131.173900 -351.978100 -103.269200 0.766042 -0.642790 0.000000 0.604025 0.719843 -0.342024 0.219850 0.262005 0.939691 6141.dat
1 4 -284.675400 -452.741100 9.999700 0.965928 -0.258811 0.000000 0.258811 0.965928 0.000000 0.000000 0.000000 1.000000 6141.dat
1 4 -229.117800 -354.995800 89.999690 1.000000 0.000008 0.000000 -0.000008 1.000000 0.000000 0.000000 0.000000 1.000000 6141.dat
1 4 -10.000000 -267.228500 280.084400 1.000000 0.000001 0.000003 -0.000003 0.766041 0.642792 -0.000002 -0.642792 0.766041 6141.dat
1 4 -161.282000 -387.309500 153.561500 0.866026 0.500000 0.000000 -0.469845 0.813797 0.342024 0.171012 -0.296202 0.939691 6141.dat
1 4 -94.625400 -208.334900 -35.138100 0.939691 0.029808 -0.340723 -0.342024 0.081894 -0.936116 0.000000 0.996195 0.087150 6141.dat
0 STEP
1 2 106.191800 -422.010600 133.320600 -0.939691 -0.296201 0.171012 -0.342024 0.813797 -0.469846 0.000000 -0.500000 -0.866025 2417.dat
1 0 59.999980 -440.000200 69.999970 1.000000 0.000000 0.000000 -0.000001 1.000001 0.000000 0.000000 -0.000001 1.000000 4275a.dat
1 0 119.558900 -429.498300 70.000160 -0.939691 -0.342027 0.000000 -0.342026 0.939691 0.000000 0.000000 -0.000001 -1.000000 4276a.dat
1 2 179.264200 -383.924500 70.000140 0.000000 -0.642791 -0.766042 0.000000 0.766042 -0.642791 1.000000 -0.000001 0.000000 2417.dat
1 0 107.425900 -425.401000 80.000110 0.000000 -0.342025 -0.939691 0.000000 0.939692 -0.342026 1.000000 -0.000001 0.000000 4275a.dat
1 0 126.219600 -418.560200 60.000240 0.000000 -0.342024 0.939691 0.000000 0.939692 0.342024 -1.000000 -0.000001 0.000000 4275a.dat
1 0 122.627800 -408.691800 0.441330 0.116979 -0.321397 -0.939691 -0.321394 0.883022 -0.342024 0.939693 0.342020 0.000000 4276a.dat
1 0 102.112200 -410.801800 137.980900 0.171012 -0.296201 0.939691 -0.469847 0.813797 0.342024 -0.866025 -0.500001 0.000000 4276a.dat
1 0 114.086000 -414.463300 70.000650 0.939691 -0.342024 0.000000 0.342024 0.939692 0.000000 0.000000 -0.000001 1.000000 4275a.dat
1 0 166.461500 -384.223900 70.000200 -0.766042 -0.642791 0.000000 -0.642791 0.766042 0.000000 0.000000 -0.000001 -1.000000 4276a.dat
1 2 124.029100 -412.542100 -11.691710 0.939692 -0.321397 0.116979 0.342024 0.883022 -0.321394 0.000000 0.342020 0.939693 2417.dat
1 0 122.295200 -437.015800 70.000170 0.939691 -0.342027 0.000000 0.342027 0.939691 0.000000 0.000001 -0.000001 1.000000 4275a.dat
1 0 177.060300 -434.624300 70.000340 -0.965928 0.258811 0.000000 0.258812 0.965929 0.000000 0.000000 -0.000001 -1.000000 4276a.dat
1 2 70.000050 -448.000200 69.999960 0.000000 0.000000 -1.000000 0.000000 1.000001 0.000001 1.000000 -0.000001 0.000000 2417.dat
1 2 184.649200 -444.939900 70.000220 0.000000 0.258811 -0.965927 0.000000 0.965928 0.258812 1.000000 0.000000 -0.000001 2417.dat
1 0 99.742660 -404.291400 133.980900 -0.171012 -0.296201 -0.939691 0.469847 0.813797 -0.342024 0.866025 -0.500001 0.000000 4275a.dat
1 0 120.056600 -401.627700 3.177570 -0.116979 -0.321397 0.939691 0.321394 0.883022 0.342024 -0.939693 0.342020 0.000000 4275a.dat
1 0 107.059700 -365.919200 -42.109180 0.296201 -0.171012 -0.939691 -0.813797 0.469846 -0.342024 0.500000 0.866025 0.000000 4276a.dat
1 0 87.879790 -371.699500 183.513500 0.219850 -0.262005 0.939691 -0.604026 0.719844 0.342024 -0.766042 -0.642791 0.000000 4276a.dat
1 2 105.465900 -361.540000 -54.037380 0.939691 -0.171012 0.296201 0.342024 0.469846 -0.813797 0.000000 0.866025 0.500000 2417.dat
1 2 87.777320 -371.417900 196.316200 -0.939691 -0.262004 0.219850 -0.342024 0.719843 -0.604025 0.000000 -0.642791 -0.766042 2417.dat
1 2 70.000060 -456.000200 69.999960 0.000000 0.000000 1.000000 0.000000 1.000001 -0.000001 -1.000000 -0.000001 0.000000 2423.dat
1 2 10.000060 -464.000300 70.000050 0.000000 0.000000 1.000000 0.000000 1.000001 -0.000001 -0.999999 0.000000 0.000000 2423.dat
0 STEP
1 2 -113.320500 -422.010500 166.191800 0.000000 0.500000 0.866026 -0.342024 0.813797 -0.469846 -0.939691 -0.296202 0.171012 2417.dat
1 0 -49.999810 -440.000100 120.000000 0.000000 0.000001 -1.000001 -0.000001 1.000001 0.000000 1.000000 -0.000001 0.000000 4275a.dat
1 0 -50.000000 -429.498200 179.558900 0.000000 0.000000 1.000001 -0.342026 0.939691 0.000000 -0.939691 -0.342028 0.000000 4276a.dat
1 2 -49.999980 -383.924400 239.264200 -1.000001 0.000000 0.000000 0.000000 0.766042 -0.642791 0.000000 -0.642792 -0.766042 2417.dat
1 0 -59.999960 -425.400900 167.425900 -1.000001 0.000000 0.000000 0.000000 0.939692 -0.342026 0.000000 -0.342026 -0.939691 4275a.dat
1 0 -40.000060 -418.560100 186.219600 1.000001 0.000000 0.000000 0.000000 0.939692 0.342024 0.000000 -0.342025 0.939691 4275a.dat
1 0 19.558900 -408.691700 182.627800 -0.939694 -0.342021 0.000000 -0.321394 0.883022 -0.342024 0.116980 -0.321398 -0.939691 4276a.dat
1 0 -117.980800 -410.801800 162.112200 0.866026 0.500001 0.000000 -0.469847 0.813797 0.342024 0.171012 -0.296202 0.939691 4276a.dat
1 0 -50.000480 -414.463200 174.086000 0.000000 0.000000 -1.000001 0.342024 0.939692 0.000000 0.939691 -0.342025 0.000000 4275a.dat
1 0 -50.000040 -384.223800 226.461500 0.000000 0.000000 1.000001 -0.642791 0.766042 0.000000 -0.766042 -0.642792 0.000000 4276a.dat
1 2 31.691940 -412.542000 184.029100 0.000000 -0.342021 -0.939694 0.342024 0.883022 -0.321394 0.939692 -0.321398 0.116980 2417.dat
1 0 -50.000000 -437.015700 182.295200 -0.000001 0.000000 -1.000001 0.342027 0.939691 0.000000 0.939691 -0.342028 0.000000 4275a.dat
1 0 -50.000160 -434.624200 237.060400 -0.000001 0.000000 1.000001 0.258812 0.965929 0.000000 -0.965929 0.258810 0.000000 4276a.dat
1 2 -49.999800 -448.000100 130.000100 -1.000001 0.000001 0.000000 0.000000 1.000001 0.000001 0.000000 -0.000001 -1.000000 2417.dat
1 2 -50.000030 -444.939800 244.649200 -1.000001 0.000000 0.000000 0.000000 0.965928 0.258812 0.000000 0.258811 -0.965928 2417.dat
1 0 -113.980800 -404.291300 159.742700 -0.866026 0.500001 0.000000 0.469847 0.813797 -0.342024 -0.171012 -0.296202 -0.939691 4275a.dat
1 0 16.822640 -401.627600 180.056600 0.939694 -0.342021 0.000000 0.321394 0.883022 0.342024 -0.116980 -0.321398 0.939691 4275a.dat
1 0 62.109420 -365.919200 167.059600 -0.500000 -0.866026 0.000000 -0.813797 0.469846 -0.342024 0.296202 -0.171012 -0.939691 4276a.dat
1 0 -163.513400 -371.699400 147.879800 0.766043 0.642791 0.000000 -0.604026 0.719844 0.342024 0.219850 -0.262006 0.939691 4276a.dat
1 2 74.037630 -361.539900 165.465800 0.000000 -0.866026 -0.500000 0.342024 0.469846 -0.813797 0.939691 -0.171012 0.296202 2417.dat
1 2 -176.316200 -371.417800 147.777400 0.000000 0.642791 0.766043 -0.342024 0.719843 -0.604025 -0.939691 -0.262005 0.219850 2417.dat
1 2 -49.999780 -456.000100 130.000100 1.000001 0.000001 0.000000 0.000000 1.000001 -0.000001 0.000000 -0.000001 1.000000 2423.dat
1 2 -49.999880 -464.000200 70.000100 1.000000 0.000000 0.000000 0.000000 1.000001 -0.000001 0.000000 -0.000001 1.000000 2423.dat
0 STEP
1 2 -146.191800 -422.010600 -53.320580 0.939691 0.296202 -0.171012 -0.342024 0.813797 -0.469846 0.000000 0.500000 0.866025 2417.dat
1 0 -99.999980 -440.000200 10.000020 -1.000000 0.000001 0.000000 -0.000001 1.000001 0.000000 0.000000 0.000001 -1.000000 4275a.dat
1 0 -159.558900 -429.498300 9.999829 0.939691 0.342028 0.000000 -0.342026 0.939691 0.000000 0.000000 0.000001 1.000000 4276a.dat
1 2 -219.264200 -383.924500 9.999860 0.000000 0.642792 0.766042 0.000000 0.766042 -0.642791 -1.000000 0.000001 0.000000 2417.dat
1 0 -147.425900 -425.401000 -0.000110 0.000000 0.342026 0.939691 0.000000 0.939692 -0.342026 -1.000000 0.000001 0.000000 4275a.dat
1 0 -166.219600 -418.560200 19.999760 0.000000 0.342025 -0.939691 0.000000 0.939692 0.342024 1.000000 0.000001 0.000000 4275a.dat
1 0 -162.627700 -408.691800 79.558670 -0.116980 0.321398 0.939691 -0.321394 0.883022 -0.342024 -0.939693 -0.342020 0.000000 4276a.dat
1 0 -142.112200 -410.801800 -57.980880 -0.171012 0.296202 -0.939691 -0.469847 0.813797 0.342024 0.866025 0.500001 0.000000 4276a.dat
1 0 -154.086000 -414.463300 9.999350 -0.939691 0.342025 0.000000 0.342024 0.939692 0.000000 0.000000 0.000001 -1.000000 4275a.dat
1 0 -206.461500 -384.223900 9.999800 0.766042 0.642792 0.000000 -0.642791 0.766042 0.000000 0.000000 0.000001 1.000000 4276a.dat
1 2 -164.029100 -412.542100 91.691710 -0.939692 0.321398 -0.116980 0.342024 0.883022 -0.321394 0.000000 -0.342020 -0.939693 2417.dat
1 0 -162.295200 -437.015800 9.999829 -0.939691 0.342028 0.000000 0.342027 0.939691 0.000000 -0.000001 0.000001 -1.000000 4275a.dat
1 0 -217.060400 -434.624300 9.999650 0.965929 -0.258810 0.000000 0.258812 0.965929 0.000000 0.000000 0.000001 1.000000 4276a.dat
1 2 -110.000100 -448.000200 10.000030 0.000000 0.000001 1.000000 0.000000 1.000001 0.000001 -1.000000 0.000001 0.000000 2417.dat
1 2 -224.649200 -444.939900 9.999780 0.000000 -0.258811 0.965928 0.000000 0.965928 0.258812 -1.000000 0.000000 0.000001 2417.dat
1 0 -139.742700 -404.291400 -53.980880 0.171012 0.296202 0.939691 0.469847 0.813797 -0.342024 -0.866025 0.500001 0.000000 4275a.dat
1 0 -160.056600 -401.627700 76.822430 0.116980 0.321398 -0.939691 0.321394 0.883022 0.342024 0.939693 -0.342020 0.000000 4275a.dat
1 0 -147.059600 -365.919200 122.109200 -0.296202 0.171012 0.939691 -0.813797 0.469846 -0.342024 -0.500000 -0.866025 0.000000 4276a.dat
1 0 -127.879800 -371.699500 -103.513500 -0.219850 0.262006 -0.939691 -0.604026 0.719844 0.342024 0.766042 0.642791 0.000000 4276a.dat
1 2 -145.465800 -361.540000 134.037400 -0.939691 0.171012 -0.296202 0.342024 0.469846 -0.813797 0.000000 -0.866025 -0.500000 2417.dat
1 2 -127.777300 -371.417900 -116.316200 0.939691 0.262005 -0.219850 -0.342024 0.719843 -0.604025 0.000000 0.642791 0.766042 2417.dat
1 2 -110.000100 -456.000200 10.000040 0.000000 0.000001 -1.000000 0.000000 1.000001 -0.000001 1.000000 0.000001 0.000000 2423.dat
1 2 -50.000080 -464.000300 9.999949 0.000000 0.000001 -1.000000 0.000000 1.000001 -0.000001 0.999999 0.000000 0.000000 2423.dat
0 STEP
1 2 73.320560 -422.010400 -86.191940 0.000000 -0.500000 -0.866026 -0.342024 0.813797 -0.469846 0.939691 0.296202 -0.171012 2417.dat
1 0 9.999909 -440.000000 -40.000100 0.000000 -0.000001 1.000001 -0.000001 1.000001 0.000000 -1.000000 0.000001 0.000000 4275a.dat
1 0 10.000090 -429.498100 -99.559040 0.000000 0.000000 -1.000001 -0.342026 0.939691 0.000000 0.939691 0.342028 0.000000 4276a.dat
1 2 10.000080 -383.924300 -159.264300 1.000001 0.000000 0.000000 0.000000 0.766042 -0.642791 0.000000 0.642792 0.766042 2417.dat
1 0 20.000050 -425.400800 -87.426050 1.000001 0.000000 0.000000 0.000000 0.939692 -0.342026 0.000000 0.342026 0.939691 4275a.dat
1 0 0.000160 -418.559900 -106.219700 -1.000001 0.000000 0.000000 0.000000 0.939692 0.342024 0.000000 0.342025 -0.939691 4275a.dat
1 0 -59.558800 -408.691600 -102.627900 0.939694 0.342021 0.000000 -0.321394 0.883022 -0.342024 -0.116980 0.321398 0.939691 4276a.dat
1 0 77.980860 -410.801700 -82.112320 -0.866026 -0.500001 0.000000 -0.469847 0.813797 0.342024 -0.171012 0.296202 -0.939691 4276a.dat
1 0 10.000580 -414.463100 -94.086130 0.000000 0.000000 1.000001 0.342024 0.939692 0.000000 -0.939691 0.342025 0.000000 4275a.dat
1 0 10.000140 -384.223700 -146.461600 0.000000 0.000000 -1.000001 -0.642791 0.766042 0.000000 0.766042 0.642792 0.000000 4276a.dat
1 2 -71.691840 -412.541900 -104.029200 0.000000 0.342021 0.939694 0.342024 0.883022 -0.321394 -0.939692 0.321398 -0.116980 2417.dat
1 0 10.000090 -437.015700 -102.295300 0.000001 0.000000 1.000001 0.342027 0.939691 0.000000 -0.939691 0.342028 0.000000 4275a.dat
1 0 10.000260 -434.624100 -157.060500 0.000001 0.000000 -1.000001 0.258812 0.965929 0.000000 0.965929 -0.258810 0.000000 4276a.dat
1 2 9.999889 -448.000000 -50.000180 1.000001 -0.000001 0.000000 0.000000 1.000001 0.000001 0.000000 0.000001 1.000000 2417.dat
1 2 10.000130 -444.939700 -164.649300 1.000001 0.000000 0.000000 0.000000 0.965928 0.258812 0.000000 -0.258811 0.965928 2417.dat
1 0 73.980860 -404.291200 -79.742800 0.866026 -0.500001 0.000000 0.469847 0.813797 -0.342024 0.171012 0.296202 0.939691 4275a.dat
1 0 -56.822540 -401.627500 -100.056700 -0.939694 0.342021 0.000000 0.321394 0.883022 0.342024 0.116980 0.321398 -0.939691 4275a.dat
1 0 -102.109300 -365.919100 -87.059710 0.500000 0.866026 0.000000 -0.813797 0.469846 -0.342024 -0.296202 0.171012 0.939691 4276a.dat
1 0 123.513500 -371.699300 -67.879940 -0.766043 -0.642791 0.000000 -0.604026 0.719844 0.342024 -0.219850 0.262006 -0.939691 4276a.dat
1 2 -114.037500 -361.539800 -85.465880 0.000000 0.866026 0.500000 0.342024 0.469846 -0.813797 -0.939691 0.171012 -0.296202 2417.dat
1 2 136.316300 -371.417700 -67.777460 0.000000 -0.642791 -0.766043 -0.342024 0.719843 -0.604025 0.939691 0.262005 -0.219850 2417.dat
1 2 9.999880 -456.000000 -50.000200 -1.000001 -0.000001 0.000000 0.000000 1.000001 -0.000001 0.000000 0.000001 -1.000000 2423.dat
1 2 9.999980 -464.000100 9.999800 -1.000000 0.000000 0.000000 0.000000 1.000001 -0.000001 0.000000 0.000001 -1.000000 2423.dat
0 STEP
