0 FILE toyota-fj40-hardtop-v2_5.lxf
0 Untitled Model
0 Name:  toyota-fj40-hardtop-v2_5
0 Author:  
0 CustomBrick
1 19 73.346000 -357.740400 29.254700 0.000000 -0.992546 0.121869 -1.000000 0.000000 0.000000 0.000000 -0.121869 -0.992546 32039.dat
1 19 79.073900 -357.740300 -17.395000 0.121868 0.000000 0.992546 0.000000 1.000000 0.000000 -0.992546 0.000000 0.121868 32209.dat
1 19 84.923800 -307.740400 -65.037200 0.992546 0.121870 0.000001 -0.000001 -0.000001 1.000000 0.121870 -0.992546 0.000000 32063.dat
1 19 -182.280000 -357.740500 29.254500 0.000000 -0.992546 -0.121870 -1.000000 0.000000 0.000000 0.000000 0.121870 -0.992546 32039.dat
1 19 -188.007900 -357.740500 -17.395200 -0.121869 0.000000 0.992546 0.000000 1.000000 0.000000 -0.992546 0.000000 -0.121869 32209.dat
1 19 -193.857300 -307.740400 -65.037400 0.992547 -0.121867 0.000001 -0.000001 -0.000001 1.000000 -0.121867 -0.992547 -0.000001 32063.dat
1 1 -94.467090 -131.020400 310.349300 1.000000 0.000000 0.000000 0.000000 -0.999781 -0.020942 0.000000 0.020942 -0.999781 6558.dat
1 72 -74.467000 -169.336400 391.169400 -0.000001 1.000000 0.000001 0.020943 -0.000001 0.999781 0.999781 0.000001 -0.020943 60483.dat
1 71 -34.467000 -169.336300 391.169300 -1.000000 0.000000 0.000000 0.000000 0.020942 0.999781 0.000000 0.999781 -0.020942 44294.dat
1 71 -54.467100 -169.325800 391.669200 0.000001 0.000000 -1.000000 -0.999781 0.020942 -0.000001 0.020942 0.999781 0.000000 3713.dat
1 72 -34.467100 -169.336400 391.169300 -0.000001 1.000000 0.000001 0.020943 -0.000001 0.999781 0.999781 0.000001 -0.020943 60483.dat
1 72 25.533000 -168.711500 391.156300 -1.000000 0.000000 0.000000 0.000000 -0.999781 0.020942 0.000000 0.020942 0.999781 6536.dat
1 72 0.532900 -169.964600 361.175900 0.000000 1.000000 0.000000 0.999781 0.000000 -0.020942 -0.020942 0.000000 -0.999781 32449.dat
1 72 10.532900 -169.964600 361.175900 0.000000 1.000000 0.000000 0.999781 0.000000 -0.020942 -0.020942 0.000000 -0.999781 32449.dat
1 28 5.532900 -170.592800 331.182500 -1.000000 0.000000 0.000000 0.000000 0.020942 0.999781 0.000000 0.999781 -0.020942 6587.dat
1 71 25.533000 -170.093000 331.172100 -0.000001 0.000000 1.000000 -0.020942 0.999781 0.000000 -0.999781 -0.020942 -0.000001 3713.dat
1 72 -14.467100 -169.336300 391.169400 0.000001 1.000000 -0.000001 0.999781 -0.000001 -0.020943 -0.020943 -0.000001 -0.999781 32526.dat
1 72 -94.467090 -169.336300 391.169400 0.000001 1.000000 -0.000001 0.999781 -0.000001 -0.020943 -0.020943 -0.000001 -0.999781 32526.dat
1 19 -94.467090 -190.382500 311.592500 -1.000000 0.000000 0.000000 0.000000 -0.999781 0.020942 0.000000 0.020942 0.999781 6536.dat
1 71 -54.467000 -191.007300 311.605600 1.000000 0.000000 0.000000 0.000000 0.999781 0.020942 0.000000 -0.020942 0.999781 32073.dat
1 19 -54.467100 -170.386800 311.173700 1.000000 0.000000 0.000000 0.000000 -0.999781 -0.020942 0.000000 0.020942 -0.999781 32184.dat
1 71 -56.467000 -151.016100 310.767900 1.000000 0.000000 0.000000 0.000000 0.999781 0.020942 0.000000 -0.020942 0.999781 44294.dat
1 19 -14.467000 -190.382500 311.592600 -1.000000 0.000000 0.000000 0.000000 -0.999781 0.020942 0.000000 0.020942 0.999781 6536.dat
1 0 -74.467090 -131.020500 310.349100 0.000001 1.000000 -0.000001 -0.020943 -0.000001 -0.999781 -0.999781 0.000001 0.020943 32526.dat
1 0 -154.467100 -129.764000 370.335800 0.000002 0.000002 -1.000000 -0.020940 -0.999781 -0.000002 -0.999781 0.020940 -0.000002 32013.dat
1 0 -104.467000 -129.763900 370.335900 -1.000000 0.000000 0.000000 0.000000 0.999781 -0.020942 0.000000 -0.020942 -0.999781 3705.dat
1 0 -114.467100 -129.763900 370.336000 -0.000001 -1.000000 0.000001 -0.999781 0.000001 -0.020942 0.020942 -0.000001 -0.999781 32140.dat
1 0 -54.467100 -129.264000 370.325500 0.000000 0.000000 -1.000000 0.020942 0.999781 0.000000 0.999781 -0.020942 0.000000 32034.dat
1 0 -4.467100 -129.763900 370.336000 1.000000 0.000000 0.000000 0.000000 0.999781 0.020942 0.000000 -0.020942 0.999781 3705.dat
1 0 45.532900 -129.764000 370.336200 -0.000002 -0.000002 1.000000 0.020945 -0.999781 -0.000002 0.999781 0.020945 0.000002 32013.dat
1 0 5.532900 -129.763900 370.336000 -0.000001 -1.000000 0.000001 -0.999781 0.000001 -0.020942 0.020942 -0.000001 -0.999781 32140.dat
1 0 -34.467100 -131.020500 310.349100 0.000001 1.000000 -0.000001 -0.020943 -0.000001 -0.999781 -0.999781 0.000001 0.020943 32526.dat
1 71 -34.467000 -209.746400 372.011500 -0.000002 1.000000 0.000002 -0.020940 0.000002 -0.999781 -0.999781 -0.000002 0.020940 32013.dat
1 4 -34.467100 -179.753000 371.383300 0.000000 0.000000 1.000000 0.999781 0.020942 0.000000 -0.020942 0.999781 0.000000 32062.dat
1 72 -34.467100 -170.174000 351.178200 0.000000 0.000000 -1.000000 0.999781 -0.020942 0.000000 -0.020942 -0.999781 0.000000 42003.dat
1 0 -84.467090 -170.592800 331.182600 -1.000000 0.000000 0.000000 0.000000 0.020942 0.999781 0.000000 0.999781 -0.020942 2780.dat
1 71 -74.467000 -209.746600 372.011400 -0.000002 1.000000 0.000002 -0.020940 0.000002 -0.999781 -0.999781 -0.000002 0.020940 32013.dat
1 4 -74.467090 -179.753200 371.383300 0.000000 0.000000 1.000000 0.999781 0.020942 0.000000 -0.020942 0.999781 0.000000 32062.dat
1 72 -74.467090 -170.174000 351.178100 0.000000 0.000000 -1.000000 0.999781 -0.020942 0.000000 -0.020942 -0.999781 0.000000 42003.dat
1 47 -74.467090 -209.202300 398.005600 1.000000 0.000000 0.000000 0.000000 0.020942 -0.999781 0.000000 0.999781 0.020942 2654.dat
1 71 -74.467090 -209.369800 390.007400 1.000000 0.000000 0.000000 0.000000 0.020942 -0.999781 0.000000 0.999781 0.020942 4032b.dat
1 1 -74.467090 -209.537400 382.009100 0.000001 -1.000000 0.000001 0.020942 -0.000001 -0.999781 0.999781 0.000001 0.020942 3749.dat
1 0 -114.467000 -170.174100 351.178100 0.000000 0.000000 -1.000000 0.162075 -0.986778 0.000000 -0.986778 -0.162075 0.000000 32270.dat
1 72 -42.467000 -170.174100 351.178200 1.000000 0.000000 0.000000 0.000000 -0.162075 -0.986779 0.000000 0.986778 -0.162075 55013.dat
1 71 -54.467000 -170.174000 351.178200 1.000000 0.000000 0.000000 0.000000 -0.162075 -0.986779 0.000000 0.986778 -0.162075 61510.dat
1 72 25.533000 -170.174000 351.178200 0.000000 0.000000 -1.000000 0.162075 -0.986778 0.000000 -0.986778 -0.162075 0.000000 10928.dat
1 1 -94.467090 -211.421800 292.029000 1.000000 0.000000 0.000000 0.000000 0.999781 0.020942 0.000000 -0.020942 0.999781 6558.dat
1 4 -134.467100 -221.000700 312.234100 0.000000 0.000000 1.000000 -0.999781 -0.020942 0.000000 0.020942 -0.999781 0.000000 32062.dat
1 19 -114.467100 -235.997400 312.548200 0.000000 0.000000 -1.000000 -0.020942 -0.999781 0.000000 -0.999781 0.020942 0.000000 41677.dat
1 19 -114.467100 -225.999600 312.338800 0.000000 0.000000 -1.000000 -0.020942 -0.999781 0.000000 -0.999781 0.020942 0.000000 41677.dat
1 19 -134.467100 -191.007300 311.605800 0.000000 -1.000000 0.000000 -0.020942 0.000000 0.999781 -0.999781 0.000000 -0.020942 32192.dat
1 4 -114.467100 -221.000700 312.234100 0.000000 0.000000 1.000000 -0.999781 -0.020942 0.000000 0.020942 -0.999781 0.000000 32062.dat
1 19 -114.467000 -211.421800 292.029000 0.000000 0.000000 -1.000000 0.999781 -0.020942 0.000000 -0.020942 -0.999781 0.000000 42003.dat
1 1 -94.467090 -211.840600 272.033400 1.000000 0.000000 0.000000 0.000000 0.999781 0.020942 0.000000 -0.020942 0.999781 6558.dat
1 19 -134.203400 -213.172100 209.085900 0.000000 -1.000000 0.000000 -0.020942 0.000000 0.999781 -0.999781 0.000000 -0.020942 6536.dat
1 0 -134.467000 -213.934900 172.055400 -1.000000 0.000000 0.000000 0.000000 0.020943 0.999781 0.000000 0.999781 -0.020943 6553.dat
1 72 -124.467000 -213.934900 172.055300 1.000000 0.000000 0.000000 0.000000 0.999781 0.020942 0.000000 -0.020942 0.999781 87083.dat
1 0 -154.467000 -213.934900 172.055300 0.000001 -1.000000 -0.000001 -0.020942 -0.000001 0.999781 -0.999781 -0.000001 -0.020942 60483.dat
1 0 -114.467000 -213.934900 172.055300 -0.000001 -1.000000 0.000001 -0.999781 0.000001 -0.020942 0.020942 -0.000001 -0.999781 32140.dat
1 0 -94.467010 -213.097200 212.046500 -0.000001 -1.000000 -0.000001 0.999781 -0.000001 0.020943 -0.020943 -0.000001 0.999781 40490.dat
1 0 -154.828400 -223.170900 209.295300 0.000000 0.009954 0.999951 0.999781 0.020941 -0.000209 -0.020942 0.999731 -0.009952 2780.dat
1 19 -154.828300 -233.168800 209.504800 -0.981627 0.000001 -0.190810 0.003997 0.999781 -0.020557 0.190768 -0.020942 -0.981412 40490.dat
1 1 -170.093100 -214.817700 130.573000 0.000000 0.992546 0.121869 -0.999781 -0.002552 0.020786 0.020942 -0.121843 0.992329 6558.dat
1 19 -172.530500 -195.237800 110.307600 -0.992546 0.000001 -0.121870 0.002553 0.999781 -0.020786 0.121843 -0.020942 -0.992329 32523.dat
1 72 -172.530500 -185.240100 110.098200 0.000000 0.992546 0.121869 -0.999781 -0.002552 0.020786 0.020942 -0.121843 0.992329 55013.dat
1 19 -172.530500 -240.227900 111.250000 -0.992546 0.000000 -0.121869 0.002552 0.999781 -0.020786 0.121843 -0.020942 -0.992329 41677.dat
1 19 -172.530500 -230.230100 111.040600 -0.992546 0.000000 -0.121869 0.002552 0.999781 -0.020786 0.121843 -0.020942 -0.992329 41677.dat
1 19 -172.530500 -180.241100 109.993500 -0.992546 0.000000 -0.121869 0.002552 0.999781 -0.020786 0.121843 -0.020942 -0.992329 41677.dat
1 0 -174.967900 -225.647000 91.089290 0.000000 0.992546 -0.121869 0.999781 -0.002552 -0.020786 -0.020943 -0.121843 -0.992329 3706.dat
1 19 -174.471600 -275.637300 92.075500 0.121869 0.992546 0.000000 0.020786 -0.002552 0.999781 0.992329 -0.121843 -0.020942 3713.dat
1 19 -172.530500 -150.247700 109.365200 -0.992546 0.000000 -0.121869 0.002552 0.999781 -0.020786 0.121843 -0.020942 -0.992329 41677.dat
1 1 -174.967900 -145.664500 89.414000 -0.000001 0.121869 -0.992546 -0.999781 0.020786 0.002553 0.020942 0.992329 0.121842 3749.dat
1 19 -174.967800 -255.640400 91.717600 -0.992546 0.000001 -0.121870 0.002553 0.999781 -0.020786 0.121843 -0.020942 -0.992329 32523.dat
1 19 -173.749200 -165.452300 99.756110 -0.992546 0.000001 -0.121870 0.002553 0.999781 -0.020786 0.121843 -0.020942 -0.992329 43857.dat
1 19 -170.093100 -214.817700 130.573000 -0.992546 -0.121870 0.000000 0.002552 -0.020786 -0.999781 0.121843 -0.992329 0.020942 42003.dat
1 19 -184.717400 -137.329500 9.818200 -0.992546 0.000000 0.121869 0.002552 -0.999781 0.020786 0.121842 0.020942 0.992329 64290.dat
1 71 -177.405200 -266.053900 72.080400 0.000001 0.000001 -1.000000 -0.999781 0.020942 -0.000001 0.020942 0.999781 0.000001 4274.dat
1 19 -177.405300 -364.507300 74.142700 0.851235 0.000000 -0.524785 0.010990 0.999781 0.017827 0.524670 -0.020942 0.851048 76279.dat
1 19 -177.405200 -216.064800 71.033290 -0.000001 -0.121870 -0.992546 0.999781 -0.020786 0.002552 -0.020942 -0.992329 0.121843 32054.dat
1 19 -182.280100 -216.896300 31.340200 0.992546 -0.000001 0.121870 -0.002552 0.999781 0.020787 -0.121843 -0.020943 0.992329 32316.dat
1 0 -184.717400 -207.314200 11.284200 0.000000 -0.992546 0.121869 0.999781 0.002552 0.020786 -0.020942 0.121842 0.992329 2780.dat
1 19 -187.154900 -197.732200 -8.771800 0.992546 -0.000001 0.121870 -0.002552 0.999781 0.020787 -0.121843 -0.020943 0.992329 32524.dat
1 1 -189.592200 -208.145700 -28.409000 0.000001 -0.121869 0.992546 -0.999781 -0.020787 -0.002552 0.020943 -0.992329 -0.121842 3749.dat
1 19 -192.105800 -218.572200 -48.666400 0.000000 0.121869 0.992546 0.999781 0.020786 -0.002552 -0.020942 0.992329 -0.121843 32184.dat
1 28 -194.467000 -218.974900 -67.892800 0.000000 0.992546 -0.121869 0.999781 -0.002552 -0.020786 -0.020942 -0.121842 -0.992329 6587.dat
1 19 -187.154900 -177.736500 -9.190800 0.992546 -0.000001 0.121870 -0.002552 0.999781 0.020787 -0.121843 -0.020943 0.992329 32524.dat
1 19 -187.154900 -237.723400 -7.934100 0.992546 -0.000001 0.121870 -0.002552 0.999781 0.020787 -0.121843 -0.020943 0.992329 32524.dat
1 1 -179.842700 -176.489300 50.349000 0.000000 -0.992546 -0.121869 -0.999781 0.002552 -0.020786 0.020943 0.121842 -0.992329 6558.dat
1 19 -184.717500 -157.325200 10.237100 0.992546 -0.000001 0.121870 -0.002552 0.999781 0.020787 -0.121843 -0.020943 0.992329 32524.dat
1 1 -177.405300 -156.078000 69.776790 0.000000 0.992546 -0.121869 0.999781 -0.002552 -0.020786 -0.020942 -0.121842 -0.992329 6558.dat
1 19 -177.405300 -186.071400 70.405000 0.000000 0.992546 0.121869 -0.999781 -0.002552 0.020786 0.020943 -0.121842 0.992329 62462.dat
1 1 -192.029600 -178.567900 -48.883800 0.000000 -0.992546 -0.121869 -0.999781 0.002552 -0.020786 0.020943 0.121842 -0.992329 6558.dat
1 1 -219.544500 -276.365300 57.317000 -0.000001 0.992546 -0.121870 0.999781 -0.002552 -0.020787 -0.020943 -0.121843 -0.992329 3749.dat
1 71 -219.544500 -271.366400 57.212300 -0.992546 -0.121869 0.000000 0.002552 -0.020786 -0.999781 0.121842 -0.992329 0.020942 32123a.dat
1 71 -179.842700 -261.470600 52.129200 -0.121869 0.000001 -0.992546 -0.020787 -0.999781 0.002552 -0.992329 0.020943 0.121842 6632.dat
1 1 -179.842700 -246.474000 51.815100 0.000001 -0.121869 0.992546 -0.999781 -0.020787 -0.002552 0.020943 -0.992329 -0.121842 3749.dat
1 71 -179.842600 -251.472900 51.919800 -0.992546 -0.121869 0.000000 0.002552 -0.020786 -0.999781 0.121842 -0.992329 0.020942 32123a.dat
1 71 -216.279700 -296.547800 48.816500 0.000000 -0.343661 0.939094 0.999781 0.019667 0.007197 -0.020942 0.938888 0.343586 2444.dat
1 71 -213.530400 -296.705100 41.305400 -0.939094 -0.343661 0.000000 -0.007197 0.019667 0.999781 -0.343586 0.938888 -0.020942 3068b.dat
1 1 -187.154800 -217.727700 -8.352900 0.000000 -0.992546 -0.121869 -0.999781 0.002552 -0.020786 0.020943 0.121842 -0.992329 6558.dat
1 0 -182.280000 -246.889700 31.968400 0.000000 0.992546 -0.121869 0.999781 -0.002552 -0.020786 -0.020943 -0.121843 -0.992329 2780.dat
1 19 -182.280000 -256.887600 32.177800 -0.000003 0.992546 0.121872 -0.999781 -0.002555 0.020784 0.020940 -0.121845 0.992328 32013.dat
1 4 -185.936100 -257.511200 2.407900 -0.121869 0.992546 0.000000 -0.020786 -0.002552 -0.999781 -0.992329 -0.121843 0.020943 32062.dat
1 19 -190.088400 -258.133500 -27.301000 0.000000 -0.992546 -0.121869 -0.999781 0.002552 -0.020786 0.020942 0.121843 -0.992329 32034.dat
1 0 -189.592200 -248.136900 -27.571300 0.000000 0.992546 -0.121869 0.999781 -0.002552 -0.020786 -0.020943 -0.121843 -0.992329 2780.dat
1 0 -182.280100 -230.893200 31.633300 1.000000 0.000000 0.000000 0.000000 -0.999781 -0.020942 0.000000 0.020942 -0.999781 76279.dat
1 19 -177.141400 -218.597500 -49.873800 0.000001 0.992546 0.121870 -0.999781 -0.002552 0.020786 0.020942 -0.121843 0.992329 6632.dat
1 71 -193.248300 -218.767100 -57.969400 -0.121869 0.000000 0.992546 -0.020786 0.999781 -0.002553 -0.992329 -0.020942 -0.121843 2853.dat
1 19 -155.016600 -215.619900 92.274810 0.069757 -0.000001 0.997564 -0.020891 0.999781 0.001461 -0.997345 -0.020942 0.069742 32523.dat
1 19 -154.467100 -295.580200 93.748000 1.000000 0.000002 0.000002 0.000002 0.020945 -0.999781 -0.000002 0.999781 0.020945 32013.dat
1 4 -154.467100 -265.586800 93.119700 0.000000 0.000000 -1.000000 0.999781 -0.020942 0.000000 -0.020942 -0.999781 0.000000 32062.dat
1 19 -154.467200 -235.593400 92.491390 0.000001 -1.000000 0.000001 0.999781 0.000001 0.020942 -0.020942 0.000001 0.999781 32054.dat
1 19 -154.467100 -295.580200 93.748000 -1.000000 -0.000001 0.000001 -0.000001 0.999781 -0.020943 -0.000001 -0.020943 -0.999781 32054.dat
1 4 -124.467100 -295.580200 93.748000 -1.000000 0.000000 0.000000 0.000000 -0.020942 -0.999781 0.000000 -0.999781 0.020942 32062.dat
1 19 -104.467100 -295.580200 93.748000 -0.000001 0.000000 1.000000 -0.999781 -0.020942 -0.000001 0.020942 -0.999781 0.000000 59443.dat
1 4 -84.467090 -295.580200 93.748000 -1.000000 0.000000 0.000000 0.000000 -0.020942 -0.999781 0.000000 -0.999781 0.020942 32062.dat
1 19 -54.467100 -295.569700 94.247810 0.000000 0.000000 1.000000 0.999781 0.020942 0.000000 -0.020942 0.999781 0.000000 32034.dat
1 0 -4.467200 -295.580200 93.748000 1.000000 0.000000 0.000000 0.000000 -0.020942 0.999781 0.000000 -0.999781 -0.020942 3705.dat
1 19 -14.467200 -295.590700 93.248100 -0.000001 0.000000 1.000000 -0.999781 -0.020942 -0.000001 0.020942 -0.999781 0.000000 3713.dat
1 19 45.532800 -295.580200 93.748000 1.000000 0.000001 -0.000001 0.000001 -0.999781 -0.020942 -0.000001 0.020942 -0.999781 32054.dat
1 19 -174.467300 -334.586100 84.886000 -0.000001 -1.000000 -0.000001 -0.221547 0.000001 -0.975150 0.975150 0.000000 -0.221547 32316.dat
1 0 -54.467200 -285.582400 93.538500 0.000000 0.000000 -1.000000 0.999781 -0.020942 0.000000 -0.020942 -0.999781 0.000000 2780.dat
1 19 -54.467200 -275.584600 93.329200 -0.000001 -0.000001 1.000000 -0.020942 0.999781 0.000001 -0.999781 -0.020942 -0.000001 40490.dat
1 1 -14.467200 -255.589000 92.910190 0.000000 0.000000 -1.000000 -0.999781 0.020942 0.000000 0.020942 0.999781 0.000000 6558.dat
1 19 -54.467200 -235.593400 92.491500 -0.000001 -0.000001 1.000000 -0.020942 0.999781 0.000001 -0.999781 -0.020942 -0.000001 64290.dat
1 0 -114.467200 -245.591200 92.700800 0.000000 0.000000 1.000000 0.999781 0.020942 0.000000 -0.020942 0.999781 0.000000 2780.dat
1 0 -139.467000 -215.191500 112.068500 0.000000 -1.000000 0.000000 0.999781 0.000000 0.020942 -0.020942 0.000000 0.999781 99773.dat
1 4 -124.467100 -255.169100 112.905800 1.000000 0.000000 0.000000 0.000000 0.999781 0.020942 0.000000 -0.020942 0.999781 32062.dat
1 0 -129.467100 -215.177900 112.068100 0.000000 -1.000000 0.000000 0.999781 0.000000 0.020942 -0.020942 0.000000 0.999781 99773.dat
1 19 -114.467200 -255.156000 113.530800 1.000000 0.000000 0.000000 0.000000 -0.020942 0.999781 0.000000 -0.999781 -0.020942 6536.dat
1 72 -114.467100 -175.186700 111.230400 -1.000000 0.000000 -0.000001 0.000001 -0.020942 -0.999781 0.000000 -0.999781 0.020942 11214.dat
1 1 -114.467000 -214.353700 152.059600 1.000000 0.000000 0.000000 0.000000 0.999781 0.020942 0.000000 -0.020942 0.999781 6558.dat
1 1 -114.467000 -214.772600 132.064100 1.000000 0.000000 0.000000 0.000000 0.999781 0.020942 0.000000 -0.020942 0.999781 6558.dat
1 0 -124.467000 -215.191500 112.068500 -1.000000 0.000000 0.000000 0.000000 -0.999781 0.020942 0.000000 0.020942 0.999781 2780.dat
1 0 -124.467000 -195.209600 111.648900 -1.000000 0.000000 0.000000 0.000000 -0.999781 0.020942 0.000000 0.020942 0.999781 2780.dat
1 0 -114.467100 -196.885000 31.666400 0.000001 1.000000 0.000001 -0.999781 0.000001 0.020942 0.020942 -0.000001 0.999781 40490.dat
1 0 -134.467000 -198.141500 -28.320400 -1.000000 0.000001 0.000001 0.000001 0.999781 -0.020943 -0.000001 -0.020943 -0.999781 87082.dat
1 0 -124.467100 -218.137100 -27.901600 -1.000000 0.000000 0.000000 0.000000 0.999781 -0.020942 0.000000 -0.020942 -0.999781 3705.dat
1 72 -134.467000 -218.137100 -27.901600 -0.000001 -1.000000 0.000001 -0.999781 0.000001 -0.020942 0.020942 -0.000001 -0.999781 32140.dat
1 72 -114.467000 -218.137100 -27.901600 -0.000001 -1.000000 0.000001 -0.999781 0.000001 -0.020942 0.020942 -0.000001 -0.999781 32140.dat
1 0 -94.467010 -218.137200 -27.901500 0.000001 1.000000 -0.000001 0.999781 -0.000001 -0.020943 -0.020943 -0.000001 -0.999781 32140.dat
1 0 -154.467000 -219.393700 -87.888400 -0.000001 -1.000000 0.000001 0.999781 -0.000001 0.020942 -0.020942 0.000001 0.999781 32140.dat
1 0 -159.467100 -258.641200 -92.888500 0.000001 1.000000 0.000001 0.270948 0.000000 -0.962594 -0.962594 0.000001 -0.270948 6632.dat
1 4 -144.467100 -258.641200 -92.888500 -1.000000 0.000000 0.000000 0.000000 0.270947 -0.962594 0.000000 -0.962594 -0.270947 32062.dat
1 4 -144.467100 -297.145000 -103.726400 -1.000000 0.000000 0.000000 0.000000 0.270947 -0.962594 0.000000 -0.962594 -0.270947 32062.dat
1 0 -154.467100 -239.389300 -87.469600 0.000000 1.000000 0.000000 0.270947 0.000000 -0.962594 -0.962594 0.000000 -0.270947 2825.dat
1 1 -144.467000 -239.389300 -87.469500 -1.000000 -0.000001 0.000001 0.000001 -0.270948 0.962594 0.000000 0.962594 0.270948 3749.dat
1 72 -124.467100 -258.641200 -92.888500 -0.000001 0.000000 1.000000 0.962594 -0.270947 0.000001 0.270947 0.962594 0.000000 59443.dat
1 72 -124.467100 -297.145000 -103.726400 -0.000001 0.000000 1.000000 0.962594 -0.270947 0.000001 0.270947 0.962594 0.000000 59443.dat
1 4 -104.467000 -258.641200 -92.888500 -1.000000 0.000000 0.000000 0.000000 0.270947 -0.962594 0.000000 -0.962594 -0.270947 32062.dat
1 4 -104.467000 -297.145000 -103.726400 -1.000000 0.000000 0.000000 0.000000 0.270947 -0.962594 0.000000 -0.962594 -0.270947 32062.dat
1 0 -94.467090 -239.389300 -87.469600 0.000000 -1.000000 0.000000 -0.270947 0.000000 -0.962594 0.962594 0.000000 -0.270947 2825.dat
1 1 -104.467000 -239.389300 -87.469600 1.000000 0.000001 -0.000001 -0.000001 0.962594 -0.270948 0.000000 0.270948 0.962594 3749.dat
1 0 -89.467090 -258.641200 -92.888500 0.000001 1.000000 0.000001 0.270948 0.000000 -0.962594 -0.962594 0.000001 -0.270948 6632.dat
1 1 -144.467000 -277.893100 -98.307410 1.000000 0.000001 -0.000001 -0.000001 0.962594 -0.270948 0.000000 0.270948 0.962594 3749.dat
1 72 -124.467000 -277.893200 -98.307510 -0.000001 0.000000 1.000000 0.962594 -0.270947 0.000001 0.270947 0.962594 0.000000 59443.dat
1 1 -104.467000 -277.893100 -98.307510 -1.000000 -0.000001 0.000001 0.000000 0.962595 0.270946 -0.000001 0.270947 -0.962595 3749.dat
1 0 -144.467000 -218.974900 -67.892800 -1.000000 0.000000 0.000000 0.000000 0.999781 -0.020942 0.000000 -0.020942 -0.999781 2780.dat
1 0 -104.467000 -218.974900 -67.892800 -1.000000 0.000000 0.000000 0.000000 0.999781 -0.020942 0.000000 -0.020942 -0.999781 2780.dat
1 1 -84.467010 -218.556000 -47.896200 1.000000 0.000001 -0.000001 0.000001 -0.020942 0.999781 0.000001 -0.999781 -0.020942 3749.dat
1 0 -54.467000 -218.056100 -47.906600 0.000000 0.000000 -1.000000 0.020942 0.999781 0.000000 0.999781 -0.020942 0.000000 32034.dat
1 1 -24.467000 -218.556000 -47.896100 -1.000000 -0.000001 0.000001 0.000001 0.020943 0.999781 -0.000001 0.999781 -0.020943 3749.dat
1 1 -54.467100 -217.508900 2.092900 0.000001 -1.000000 0.000001 -0.020942 0.000001 0.999781 -0.999781 -0.000001 -0.020942 3749.dat
1 0 -54.467100 -218.137100 -27.900600 0.000001 -1.000000 0.000001 -0.020942 0.000001 0.999781 -0.999781 -0.000001 -0.020942 32054.dat
1 71 -54.467100 -175.204200 111.230900 -1.000000 0.000000 0.000000 0.000000 -0.999781 0.020942 0.000000 0.020942 0.999781 59154c01.dat
1 72 -44.466800 -282.846100 -156.574500 0.000001 0.000000 -1.000000 0.020942 0.999781 0.000000 0.999781 -0.020942 0.000001 58124c01.dat
1 25 -54.467100 -177.507900 1.255000 0.000000 0.156433 -0.987689 -0.020942 -0.987472 -0.156398 -0.999781 0.020685 0.003276 99543.dat
1 0 20.532900 -215.195400 112.068600 0.000000 -1.000000 0.000000 0.999781 0.000000 0.020942 -0.020942 0.000000 0.999781 99773.dat
1 4 15.532900 -255.169100 112.905800 1.000000 0.000000 0.000000 0.000000 0.999781 0.020942 0.000000 -0.020942 0.999781 32062.dat
1 0 30.532900 -215.191500 112.068400 0.000000 -1.000000 0.000000 0.999781 0.000000 0.020942 -0.020942 0.000000 0.999781 99773.dat
1 19 5.532900 -255.156000 113.530700 1.000000 0.000000 0.000000 0.000000 -0.020942 0.999781 0.000000 -0.999781 -0.020942 6536.dat
1 72 5.532900 -175.204200 111.230900 1.000000 0.000000 0.000001 0.000001 0.020943 -0.999781 0.000000 0.999781 0.020943 11214.dat
1 1 5.532900 -214.353700 152.059700 -1.000000 0.000000 0.000000 0.000000 0.999781 -0.020942 0.000000 -0.020942 -0.999781 6558.dat
1 19 25.269400 -213.172000 209.085900 0.000000 1.000000 0.000000 0.020942 0.000000 0.999781 0.999781 0.000000 -0.020942 6536.dat
1 0 25.532900 -213.934900 172.055300 -1.000000 0.000000 0.000000 0.000000 0.020943 0.999781 0.000000 0.999781 -0.020943 6553.dat
1 72 15.532900 -213.934900 172.055300 -1.000000 0.000000 0.000000 0.000000 0.999781 -0.020942 0.000000 -0.020942 -0.999781 87083.dat
1 0 45.532900 -213.934900 172.055300 0.000001 -1.000000 -0.000001 -0.020942 -0.000001 0.999781 -0.999781 -0.000001 -0.020942 60483.dat
1 0 5.532900 -213.934900 172.055200 -0.000001 -1.000000 0.000001 -0.999781 0.000001 -0.020942 0.020942 -0.000001 -0.999781 32140.dat
1 0 -14.467100 -213.097200 212.046500 -0.000001 -1.000000 -0.000001 0.999781 -0.000001 0.020943 -0.020943 -0.000001 0.999781 40490.dat
1 0 45.894400 -223.170900 209.295300 0.000000 0.009954 0.999951 0.999781 0.020941 -0.000209 -0.020942 0.999731 -0.009952 2780.dat
1 19 45.894400 -233.168600 209.504800 -0.981627 0.000001 -0.190810 -0.003997 -0.999781 0.020557 -0.190768 0.020942 0.981412 40490.dat
1 1 61.159100 -214.817600 130.573000 0.000000 0.992546 -0.121869 -0.999781 0.002552 0.020786 0.020942 0.121843 0.992329 6558.dat
1 19 63.596600 -195.237700 110.307600 -0.992546 0.000000 0.121869 -0.002552 0.999781 -0.020786 -0.121842 -0.020942 -0.992329 32523.dat
1 72 63.596500 -185.239900 110.098200 0.000000 0.992546 -0.121869 -0.999781 0.002552 0.020786 0.020942 0.121843 0.992329 55013.dat
1 19 63.596500 -240.227800 111.250000 -0.992546 0.000000 0.121869 -0.002552 0.999781 -0.020786 -0.121843 -0.020942 -0.992329 41677.dat
1 19 63.596500 -230.230000 111.040600 -0.992546 0.000000 0.121869 -0.002552 0.999781 -0.020786 -0.121843 -0.020942 -0.992329 41677.dat
1 19 63.596500 -180.241000 109.993400 -0.992546 0.000000 0.121869 -0.002552 0.999781 -0.020786 -0.121843 -0.020942 -0.992329 41677.dat
1 0 66.033900 -225.646900 91.089290 0.000000 0.992546 0.121869 0.999781 0.002552 -0.020786 -0.020943 0.121843 -0.992329 3706.dat
1 19 66.530200 -275.634600 92.197310 -0.121869 0.992546 0.000000 0.020786 0.002552 0.999781 0.992329 0.121843 -0.020942 3713.dat
1 19 63.596600 -150.247600 109.365200 -0.992546 0.000000 0.121869 -0.002552 0.999781 -0.020786 -0.121843 -0.020942 -0.992329 41677.dat
1 1 66.034000 -145.664400 89.413890 -0.000001 0.992546 -0.121870 -0.999781 0.002552 0.020787 0.020943 0.121843 0.992328 3749.dat
1 19 66.033900 -255.640300 91.717600 -0.992547 0.000000 0.121869 -0.002552 0.999781 -0.020786 -0.121842 -0.020942 -0.992329 32523.dat
1 19 64.815200 -165.452100 99.756110 -0.992546 0.000000 0.121869 -0.002552 0.999781 -0.020786 -0.121842 -0.020942 -0.992329 43857.dat
1 19 75.783500 -137.329400 9.818299 -0.992546 0.000001 -0.121870 -0.002553 -0.999781 0.020786 -0.121843 0.020942 0.992329 64290.dat
1 1 68.647200 -214.376400 151.638200 -0.992546 -0.121874 0.000001 -0.002552 0.020787 0.999781 -0.121847 0.992328 -0.020943 3749.dat
1 19 61.159200 -214.817600 130.573100 -0.992546 0.121869 0.000000 -0.002552 -0.020786 -0.999781 -0.121842 -0.992329 0.020942 42003.dat
1 0 78.572600 -214.350900 152.856600 -0.992546 -0.000002 -0.121874 -0.002550 -0.999781 0.020784 -0.121848 0.020940 0.992328 32013.dat
1 4 82.228800 -214.974400 123.086800 0.121872 0.000000 0.992546 -0.020786 0.999781 0.002552 -0.992328 -0.020942 0.121845 32062.dat
1 0 83.447600 -215.182300 113.163600 0.992546 0.000000 -0.121871 0.002552 0.999781 0.020787 0.121845 -0.020943 0.992328 32126.dat
1 71 95.810500 -215.572400 94.535400 0.992546 -0.121869 0.000000 0.002553 0.020787 -0.999781 0.121843 0.992329 0.020943 4274.dat
1 1 86.267310 -245.492300 90.829990 -0.012738 -0.121202 0.992546 0.996477 -0.083831 0.002552 0.082897 0.989082 0.121843 3749.dat
1 0 86.139900 -235.527500 91.658900 -0.992546 0.121202 0.012739 -0.002553 0.083833 -0.996477 -0.121843 -0.989081 -0.082898 32126.dat
1 0 86.522010 -265.421800 89.172000 -0.012739 0.999919 -0.000663 0.996477 0.012750 0.082896 0.082898 0.000396 -0.996558 62462.dat
1 0 86.776790 -285.351300 87.514100 -0.012739 0.999919 -0.000663 0.996477 0.012750 0.082896 0.082898 0.000396 -0.996558 2780.dat
1 0 87.031600 -305.280900 85.856090 -0.012739 0.999919 -0.000663 0.996477 0.012750 0.082896 0.082898 0.000396 -0.996558 62462.dat
1 0 87.668900 -355.146200 82.209500 0.999919 0.000663 0.012739 0.012750 -0.082896 -0.996477 0.000396 0.996558 -0.082898 32034.dat
1 1 87.286400 -325.210400 84.198100 0.012738 0.999919 0.000662 -0.996477 0.012749 -0.082895 -0.082897 0.000396 0.996558 3749.dat
1 4 88.050700 -384.999100 79.224300 -0.012739 0.000663 0.999919 0.996477 -0.082895 0.012750 0.082896 0.996558 0.000396 32062.dat
1 0 88.184390 -395.751300 87.862590 -0.999919 -0.000663 0.012738 -0.012749 0.082891 -0.996477 -0.000396 -0.996558 -0.082893 85984.dat
1 0 88.184390 -395.751300 87.862700 0.999919 -0.000663 -0.012738 0.012749 0.082891 0.996477 0.000396 -0.996558 0.082893 32064a.dat
1 71 77.669400 -355.231800 81.707300 -0.999919 0.000661 0.012720 -0.012731 -0.020942 -0.999700 -0.000394 -0.999781 0.020948 4274.dat
1 19 46.082600 -215.619800 92.274700 0.069756 0.000001 -0.997564 0.020892 0.999781 0.001461 0.997345 -0.020943 0.069741 32523.dat
1 19 45.532900 -295.580100 93.748000 1.000000 0.000002 0.000002 0.000002 0.020945 -0.999781 -0.000002 0.999781 0.020945 32013.dat
1 4 45.532800 -265.586800 93.119700 0.000000 0.000000 -1.000000 0.999781 -0.020942 0.000000 -0.020942 -0.999781 0.000000 32062.dat
1 19 45.532900 -235.593400 92.491290 0.000001 -1.000000 0.000001 0.999781 0.000001 0.020942 -0.020942 0.000001 0.999781 32054.dat
1 71 68.471300 -266.053800 72.080400 0.000001 0.000001 -1.000000 -0.999781 0.020942 -0.000001 0.020942 0.999781 0.000001 4274.dat
1 19 68.471300 -364.507200 74.142700 0.851235 0.000000 -0.524785 0.010990 0.999781 0.017827 0.524670 -0.020942 0.851048 76279.dat
1 19 68.471300 -216.064700 71.033400 -0.000001 0.121869 -0.992546 0.999781 -0.020786 -0.002553 -0.020942 -0.992329 -0.121842 32054.dat
1 19 73.346000 -216.896200 31.340200 0.992546 0.000000 -0.121869 0.002553 0.999781 0.020787 0.121842 -0.020943 0.992329 32316.dat
1 0 75.783400 -207.314100 11.284200 0.000000 -0.992546 -0.121870 0.999781 -0.002552 0.020786 -0.020942 -0.121843 0.992329 2780.dat
1 19 78.220790 -197.732000 -8.771800 0.992546 0.000000 -0.121869 0.002553 0.999781 0.020787 0.121842 -0.020943 0.992329 32524.dat
1 1 80.658100 -208.145600 -28.408900 0.000001 0.121870 0.992546 -0.999781 -0.020787 0.002553 0.020943 -0.992328 0.121843 3749.dat
1 19 83.171700 -218.572100 -48.666300 0.000000 -0.121869 0.992546 0.999781 0.020786 0.002552 -0.020942 0.992328 0.121843 32184.dat
1 28 85.532900 -218.974800 -67.892700 0.000000 0.992546 0.121870 0.999781 0.002552 -0.020786 -0.020942 0.121843 -0.992328 6587.dat
1 19 78.220790 -177.736400 -9.190700 0.992546 0.000000 -0.121869 0.002553 0.999781 0.020787 0.121842 -0.020943 0.992329 32524.dat
1 19 78.220790 -237.723300 -7.934000 0.992546 0.000000 -0.121869 0.002553 0.999781 0.020787 0.121842 -0.020943 0.992329 32524.dat
1 0 80.658200 -248.136800 -27.571200 0.000000 0.992546 0.121869 0.999781 0.002552 -0.020786 -0.020943 0.121843 -0.992329 2780.dat
1 19 73.346100 -256.887500 32.178100 -0.000002 0.992546 -0.121867 -0.999781 0.002550 0.020784 0.020940 0.121840 0.992329 32013.dat
1 4 77.002200 -257.511000 2.408200 0.121869 0.992546 0.000000 -0.020786 0.002552 -0.999781 -0.992329 0.121843 0.020943 32062.dat
1 19 80.161900 -258.135900 -27.422600 0.000000 -0.992546 0.121869 -0.999781 -0.002552 -0.020786 0.020942 -0.121843 -0.992329 32034.dat
1 0 73.346000 -246.889600 31.968600 0.000000 0.992546 0.121869 0.999781 0.002552 -0.020786 -0.020943 0.121843 -0.992329 2780.dat
1 0 73.346000 -230.893100 31.633500 1.000000 0.000000 0.000000 0.000000 -0.999781 -0.020942 0.000000 0.020942 -0.999781 76279.dat
1 1 70.908700 -176.489200 50.349000 0.000000 -0.992546 0.121870 -0.999781 -0.002552 -0.020786 0.020943 -0.121843 -0.992329 6558.dat
1 19 75.783400 -157.325100 10.237100 0.992546 0.000000 -0.121869 0.002553 0.999781 0.020787 0.121842 -0.020943 0.992329 32524.dat
1 1 68.471300 -156.077900 69.776790 0.000000 0.992546 0.121870 0.999781 0.002552 -0.020786 -0.020942 0.121843 -0.992329 6558.dat
1 19 68.471300 -186.071300 70.405100 0.000000 0.992546 -0.121870 -0.999781 0.002552 0.020786 0.020943 0.121843 0.992329 62462.dat
1 1 83.095600 -178.567900 -48.883800 0.000000 -0.992546 0.121870 -0.999781 -0.002552 -0.020786 0.020943 -0.121843 -0.992329 6558.dat
1 1 78.220790 -217.727600 -8.352799 0.000000 -0.992546 0.121870 -0.999781 -0.002552 -0.020786 0.020943 -0.121843 -0.992329 6558.dat
1 71 70.908700 -251.472800 51.919800 0.983017 0.183512 0.000000 -0.003843 0.020587 -0.999781 -0.183472 0.982802 0.020942 32123a.dat
1 1 70.908700 -246.473900 51.815100 -0.000001 0.183512 -0.983018 -0.999781 0.020586 0.003844 0.020942 0.982802 0.183471 3749.dat
1 71 70.908600 -261.470600 52.129200 0.183512 -0.000001 0.983018 0.020586 -0.999781 -0.003844 0.982802 0.020942 -0.183471 6632.dat
1 1 110.229300 -276.621100 45.104500 0.000001 -0.983017 0.183513 0.999781 0.003844 0.020586 -0.020942 0.183472 0.982802 3749.dat
1 71 110.229300 -271.622100 44.999800 0.983017 0.183512 0.000000 -0.003843 0.020587 -0.999781 -0.183472 0.982802 0.020942 32123a.dat
1 71 105.021600 -296.783000 37.579600 0.000000 0.548177 0.836363 0.999781 0.017515 -0.011480 -0.020942 0.836179 -0.548057 2444.dat
1 71 100.636100 -296.923200 30.890200 -0.836362 0.548177 0.000000 0.011480 0.017515 0.999781 0.548057 0.836179 -0.020942 3068b.dat
1 19 68.207400 -218.597400 -49.873700 -0.000001 -0.992546 -0.121870 0.999781 -0.002553 0.020787 -0.020943 -0.121843 0.992328 6632.dat
1 71 84.314200 -218.767000 -57.969400 0.121870 0.000000 -0.992546 -0.020786 -0.999781 -0.002552 -0.992328 0.020942 -0.121843 2853.dat
1 0 85.533000 -148.990200 -69.358700 0.000000 1.000000 0.000000 0.999781 0.000000 -0.020943 -0.020943 0.000000 -0.999781 2780.dat
1 19 75.532900 -158.988000 -69.149200 -0.000001 -0.000001 1.000000 0.020942 -0.999781 -0.000001 0.999781 0.020942 0.000001 43857.dat
1 19 65.533000 -198.979200 -68.311500 1.000000 0.000002 0.000002 0.000002 0.020945 -0.999781 -0.000002 0.999781 0.020945 32013.dat
1 71 65.533000 -158.988000 -69.149300 0.000000 1.000000 0.000000 0.999781 0.000000 -0.020943 -0.020943 0.000000 -0.999781 4519.dat
1 19 65.533000 -118.996800 -69.987000 1.000000 0.000002 0.000002 -0.000002 -0.020945 0.999781 0.000002 -0.999781 -0.020945 32013.dat
1 0 55.533000 -198.979200 -68.311500 1.000000 0.000000 0.000000 0.000000 0.999781 0.020942 0.000000 -0.020942 0.999781 2780.dat
1 0 45.533000 -201.073400 -168.289700 -0.000001 -1.000000 -0.000001 -0.999781 0.000001 -0.020943 0.020943 0.000001 -0.999781 41239.dat
1 1 25.533000 -198.560400 -48.316000 1.000000 0.000000 0.000000 0.000000 -0.999781 -0.020942 0.000000 0.020942 -0.999781 6558.dat
1 0 5.533000 -196.885100 31.666400 -0.000001 -1.000000 -0.000001 0.999781 -0.000001 0.020943 -0.020943 -0.000001 0.999781 40490.dat
1 0 15.533000 -195.209600 111.648900 1.000000 0.000000 0.000000 0.000000 0.999781 0.020942 0.000000 -0.020942 0.999781 2780.dat
1 0 25.533000 -198.141500 -28.320400 1.000000 -0.000001 -0.000001 -0.000001 -0.999781 -0.020942 -0.000001 0.020942 -0.999781 87082.dat
1 0 45.533000 -219.393700 -87.888400 -0.000001 -1.000000 0.000001 0.999781 -0.000001 0.020942 -0.020942 0.000001 0.999781 32140.dat
1 0 15.532900 -218.137100 -27.901600 -1.000000 0.000000 0.000000 0.000000 0.999781 -0.020942 0.000000 -0.020942 -0.999781 3705.dat
1 0 -14.467100 -218.137100 -27.901600 0.000001 1.000000 -0.000001 0.999781 -0.000001 -0.020943 -0.020943 -0.000001 -0.999781 32140.dat
1 72 5.532900 -218.137100 -27.901600 -0.000001 -1.000000 0.000001 -0.999781 0.000001 -0.020942 0.020942 -0.000001 -0.999781 32140.dat
1 72 25.532900 -218.137100 -27.901600 -0.000001 -1.000000 0.000001 -0.999781 0.000001 -0.020942 0.020942 -0.000001 -0.999781 32140.dat
1 0 35.533000 -218.974800 -67.892800 -1.000000 0.000000 0.000000 0.000000 0.999781 -0.020942 0.000000 -0.020942 -0.999781 2780.dat
1 0 -4.467000 -218.974800 -67.892800 -1.000000 0.000000 0.000000 0.000000 0.999781 -0.020942 0.000000 -0.020942 -0.999781 2780.dat
1 0 -19.467000 -258.641200 -92.888500 0.000001 1.000000 0.000001 0.270948 0.000000 -0.962594 -0.962594 0.000001 -0.270948 6632.dat
1 4 -4.467000 -258.641200 -92.888610 -1.000000 0.000000 0.000000 0.000000 0.270947 -0.962594 0.000000 -0.962594 -0.270947 32062.dat
1 4 -4.467000 -297.145000 -103.726400 -1.000000 0.000000 0.000000 0.000000 0.270947 -0.962594 0.000000 -0.962594 -0.270947 32062.dat
1 0 -14.467000 -239.389200 -87.469600 0.000000 1.000000 0.000000 0.270947 0.000000 -0.962594 -0.962594 0.000000 -0.270947 2825.dat
1 1 -4.467000 -239.389300 -87.469600 -1.000000 -0.000001 0.000001 0.000001 -0.270948 0.962594 0.000000 0.962594 0.270948 3749.dat
1 72 15.532900 -258.641200 -92.888610 -0.000001 0.000000 1.000000 0.962594 -0.270947 0.000001 0.270947 0.962594 0.000000 59443.dat
1 72 15.533000 -297.145000 -103.726400 -0.000001 0.000000 1.000000 0.962594 -0.270947 0.000001 0.270947 0.962594 0.000000 59443.dat
1 4 35.533000 -258.641200 -92.888610 -1.000000 0.000000 0.000000 0.000000 0.270947 -0.962594 0.000000 -0.962594 -0.270947 32062.dat
1 4 35.533000 -297.145000 -103.726400 -1.000000 0.000000 0.000000 0.000000 0.270947 -0.962594 0.000000 -0.962594 -0.270947 32062.dat
1 0 45.533000 -239.389300 -87.469600 0.000000 -1.000000 0.000000 -0.270947 0.000000 -0.962594 0.962594 0.000000 -0.270947 2825.dat
1 1 35.533000 -239.389300 -87.469600 1.000000 0.000001 -0.000001 -0.000001 0.962594 -0.270948 0.000000 0.270948 0.962594 3749.dat
1 0 50.533000 -258.641200 -92.888500 0.000001 1.000000 0.000001 0.270948 0.000000 -0.962594 -0.962594 0.000001 -0.270948 6632.dat
1 1 -4.467000 -277.893000 -98.307510 1.000000 0.000001 -0.000001 -0.000001 0.962594 -0.270948 0.000000 0.270948 0.962594 3749.dat
1 72 15.533000 -277.893100 -98.307590 -0.000001 0.000000 1.000000 0.962594 -0.270947 0.000001 0.270947 0.962594 0.000000 59443.dat
1 1 35.533000 -277.893100 -98.307510 -1.000000 -0.000001 0.000001 0.000000 0.962595 0.270946 -0.000001 0.270947 -0.962595 3749.dat
1 0 15.533000 -219.393700 -87.888400 -1.000000 0.000000 0.000000 0.000000 0.999781 -0.020942 0.000000 -0.020942 -0.999781 2780.dat
1 0 25.533000 -198.560400 -48.316000 0.000001 1.000000 -0.000001 0.020943 0.000001 0.999781 0.999781 -0.000001 -0.020943 32526.dat
1 0 15.533000 -117.740200 -10.000100 -1.000000 0.000000 0.000000 0.000000 -0.999781 0.020942 0.000000 0.020942 0.999781 2780.dat
1 71 -134.467100 -135.641600 90.396700 0.000001 0.000001 1.000000 -0.020943 0.999781 -0.000001 -0.999781 -0.020943 0.000001 48989.dat
1 0 -154.467200 -195.601200 91.653690 -0.000001 -1.000000 0.000001 -0.020942 0.000001 0.999781 -0.999781 0.000001 -0.020942 32526.dat
1 0 -114.467200 -173.930100 171.217300 0.000001 1.000000 -0.000001 0.999781 -0.000001 -0.020943 -0.020943 -0.000001 -0.999781 32526.dat
1 0 -114.467000 -117.321500 9.995399 -0.000001 -1.000000 -0.000001 0.999781 -0.000001 0.020943 -0.020943 -0.000001 0.999781 64290.dat
1 71 -94.467010 -118.996800 -69.987100 -0.000001 -0.000001 -1.000000 0.999781 -0.020942 -0.000001 -0.020942 -0.999781 0.000001 48989.dat
1 71 -54.467000 -158.150300 -29.158200 -0.000001 -0.000001 -1.000000 -0.020942 -0.999781 0.000001 -0.999781 0.020942 0.000001 48989.dat
1 0 -74.467000 -198.141500 -28.320400 -0.000001 -1.000000 0.000001 -0.020942 0.000001 0.999781 -0.999781 0.000001 -0.020942 32526.dat
1 0 -34.467100 -198.141500 -28.320500 -0.000001 -1.000000 0.000001 -0.020942 0.000001 0.999781 -0.999781 0.000001 -0.020942 32526.dat
1 71 25.532900 -135.641600 90.396800 0.000001 0.000001 1.000000 -0.020943 0.999781 -0.000001 -0.999781 -0.020943 0.000001 48989.dat
1 0 45.532800 -195.618700 91.654100 -0.000001 -1.000000 0.000001 -0.020942 0.000001 0.999781 -0.999781 0.000001 -0.020942 32526.dat
1 0 5.532900 -117.321400 9.995500 -0.000001 -1.000000 -0.000001 0.999781 -0.000001 0.020943 -0.020943 -0.000001 0.999781 64290.dat
1 71 -14.467100 -118.996800 -69.987100 -0.000001 -0.000001 -1.000000 0.999781 -0.020942 -0.000001 -0.020942 -0.999781 0.000001 48989.dat
1 0 5.532800 -173.947700 171.217800 0.000001 1.000000 -0.000001 0.999781 -0.000001 -0.020943 -0.020943 -0.000001 -0.999781 32526.dat
1 19 -154.466900 -191.070000 325.364700 0.000001 0.000001 -1.000000 0.920027 -0.391856 0.000000 -0.391856 -0.920027 -0.000001 6632.dat
1 4 -194.466900 -196.947800 311.564300 0.000000 0.000000 -1.000000 0.391855 0.920027 0.000000 0.920027 -0.391855 0.000000 32062.dat
1 19 -154.466900 -194.988500 316.164400 0.000001 0.000001 -1.000000 0.920027 -0.391856 0.000000 -0.391856 -0.920027 -0.000001 6632.dat
1 19 -195.092000 -200.866400 302.364000 0.000000 1.000000 0.000000 0.391854 0.000000 0.920028 0.920028 0.000000 -0.391854 6536.dat
1 4 -154.467000 -196.947800 311.564300 0.000000 0.000000 -1.000000 0.391855 0.920027 0.000000 0.920027 -0.391855 0.000000 32062.dat
